4644.62 0.000417
4645.42 0.000439
4646.21 0.000461
4647.0 0.000484
4647.79 0.000506
4648.58 0.000528
4649.37 0.00055
4650.16 0.000572
4650.95 0.000594
4651.74 0.000615
4652.54 0.000634
4653.33 0.000652
4654.12 0.000671
4654.91 0.00069
4655.7 0.000709
4656.5 0.000728
4657.29 0.000747
4658.08 0.000766
4658.87 0.000785
4659.67 0.000803
4660.46 0.000822
4661.25 0.000841
4662.05 0.000857
4662.84 0.000872
4663.63 0.000887
4664.43 0.000902
4665.22 0.000917
4666.02 0.000932
4666.81 0.000947
4667.6 0.000962
4668.4 0.000977
4669.19 0.000992
4669.99 0.001008
4670.78 0.001023
4671.58 0.001043
4672.37 0.001073
4673.17 0.001103
4673.96 0.001132
4674.76 0.001162
4675.55 0.001192
4676.35 0.001222
4677.15 0.001252
4677.94 0.001282
4678.74 0.001312
4679.53 0.001342
4680.33 0.001372
4681.13 0.001402
4681.92 0.001453
4682.72 0.001512
4683.52 0.00157
4684.31 0.001629
4685.11 0.001687
4685.91 0.001745
4686.71 0.001804
4687.5 0.001862
4688.3 0.001921
4689.1 0.001979
4689.9 0.002038
4690.7 0.002096
4691.5 0.002157
4692.29 0.002228
4693.09 0.002298
4693.89 0.002369
4694.69 0.00244
4695.49 0.00251
4696.29 0.002581
4697.09 0.002651
4697.89 0.002722
4698.69 0.002793
4699.49 0.002864
4700.29 0.002934
4701.08 0.003005
4701.89 0.003066
4702.69 0.003124
4703.49 0.003181
4704.29 0.003238
4705.09 0.003296
4705.89 0.003353
4706.69 0.003411
4707.49 0.003468
4708.29 0.003526
4709.09 0.003583
4709.89 0.003641
4710.7 0.003698
4711.5 0.003764
4712.3 0.003855
4713.1 0.003947
4713.9 0.004039
4714.71 0.004131
4715.51 0.004223
4716.31 0.004314
4717.11 0.004406
4717.92 0.004498
4718.72 0.00459
4719.52 0.004682
4720.33 0.004774
4721.13 0.004866
4721.93 0.005085
4722.74 0.005343
4723.54 0.005601
4724.34 0.00586
4725.15 0.006118
4725.95 0.006376
4726.76 0.006635
4727.56 0.006893
4728.37 0.007152
4729.17 0.007411
4729.98 0.00767
4730.78 0.007928
4731.58 0.008336
4732.39 0.009051
4733.2 0.009767
4734.0 0.010482
4734.81 0.011198
4735.61 0.011914
4736.42 0.01263
4737.23 0.013347
4738.03 0.014063
4738.84 0.01478
4739.65 0.015496
4740.45 0.016214
4741.26 0.016932
4742.06 0.018296
4742.87 0.01972
4743.68 0.021145
4744.49 0.02257
4745.29 0.023996
4746.1 0.025422
4746.91 0.026848
4747.72 0.028275
4748.52 0.029702
4749.33 0.031131
4750.14 0.032559
4750.95 0.033986
4751.76 0.035336
4752.57 0.036618
4753.38 0.037902
4754.19 0.039185
4755.0 0.040469
4755.8 0.041752
4756.61 0.043037
4757.42 0.044321
4758.23 0.045606
4759.04 0.046891
4759.85 0.048176
4760.66 0.049462
4761.47 0.050667
4762.28 0.051487
4763.09 0.052307
4763.9 0.053128
4764.71 0.053948
4765.53 0.054769
4766.34 0.05559
4767.15 0.056412
4767.96 0.057233
4768.77 0.058055
4769.58 0.058877
4770.4 0.059699
4771.21 0.060521
4772.02 0.062252
4772.83 0.064154
4773.64 0.066054
4774.46 0.067956
4775.27 0.069858
4776.08 0.071761
4776.89 0.073665
4777.71 0.075568
4778.52 0.077472
4779.33 0.079376
4780.15 0.081281
4780.96 0.083186
4781.77 0.08638
4782.59 0.090684
4783.4 0.094988
4784.22 0.099292
4785.03 0.103599
4785.85 0.107906
4786.66 0.112213
4787.47 0.116521
4788.29 0.120832
4789.1 0.125143
4789.92 0.129454
4790.73 0.133768
4791.55 0.138518
4792.37 0.144523
4793.18 0.150527
4794.0 0.156535
4794.81 0.162544
4795.63 0.168553
4796.44 0.174567
4797.26 0.18058
4798.08 0.186594
4798.89 0.192608
4799.71 0.198627
4800.53 0.204645
4801.34 0.210659
4802.16 0.214724
4802.98 0.21879
4803.8 0.222856
4804.61 0.226922
4805.43 0.23099
4806.25 0.23506
4807.07 0.239129
4807.89 0.243201
4808.7 0.247273
4809.52 0.251346
4810.34 0.255426
4811.16 0.25952
4811.98 0.261564
4812.8 0.263013
4813.62 0.264463
4814.44 0.265913
4815.25 0.267363
4816.08 0.268814
4816.9 0.270266
4817.71 0.271718
4818.53 0.273171
4819.35 0.274624
4820.17 0.276074
4821.0 0.277509
4821.81 0.278331
4822.64 0.278691
4823.46 0.279051
4824.28 0.279411
4825.1 0.279772
4825.92 0.280132
4826.74 0.280493
4827.56 0.280854
4828.38 0.281215
4829.21 0.281575
4830.03 0.281936
4830.85 0.282295
4831.67 0.282388
4832.5 0.282069
4833.32 0.281751
4834.14 0.281432
4834.96 0.281113
4835.79 0.280795
4836.61 0.280476
4837.43 0.280157
4838.25 0.279838
4839.08 0.279519
4839.9 0.2792
4840.73 0.278881
4841.55 0.278558
4842.37 0.278223
4843.2 0.277888
4844.02 0.277553
4844.85 0.277218
4845.67 0.276882
4846.5 0.276547
4847.32 0.276211
4848.15 0.275876
4848.97 0.27554
4849.8 0.275205
4850.62 0.274869
4851.45 0.274604
4852.27 0.274899
4853.1 0.275195
4853.92 0.275491
4854.75 0.275787
4855.58 0.276083
4856.4 0.276379
4857.23 0.276675
4858.06 0.276971
4858.88 0.277267
4859.71 0.277564
4860.54 0.27786
4861.37 0.278158
4862.19 0.278686
4863.02 0.279213
4863.85 0.279741
4864.67 0.280269
4865.5 0.280796
4866.33 0.281324
4867.16 0.281853
4867.99 0.28238
4868.82 0.282909
4869.65 0.283437
4870.47 0.283966
4871.3 0.284494
4872.13 0.284388
4872.96 0.284233
4873.79 0.284079
4874.62 0.283924
4875.45 0.28377
4876.28 0.283615
4877.11 0.28346
4877.94 0.283306
4878.77 0.283151
4879.6 0.282996
4880.43 0.282842
4881.26 0.282687
4882.09 0.281982
4882.92 0.281199
4883.75 0.280416
4884.58 0.279634
4885.42 0.278851
4886.25 0.278068
4887.08 0.277284
4887.91 0.276501
4888.74 0.275717
4889.58 0.274933
4890.41 0.274159
4891.24 0.273394
4892.07 0.27275
4892.9 0.272128
4893.74 0.271505
4894.57 0.270882
4895.4 0.270259
4896.24 0.269636
4897.07 0.269013
4897.9 0.268389
4898.74 0.267765
4899.57 0.267141
4900.4 0.266507
4901.24 0.265864
4902.07 0.265706
4902.91 0.265636
4903.74 0.265567
4904.58 0.265498
4905.41 0.265429
4906.25 0.26536
4907.08 0.26529
4907.92 0.265221
4908.75 0.265152
4909.59 0.265082
4910.42 0.265013
4911.26 0.264944
4912.09 0.265246
4912.93 0.265607
4913.77 0.265968
4914.6 0.266329
4915.44 0.26669
4916.27 0.267051
4917.11 0.267412
4917.95 0.267774
4918.79 0.268135
4919.62 0.268497
4920.46 0.268858
4921.3 0.26922
4922.14 0.269701
4922.97 0.270193
4923.81 0.270686
4924.65 0.271178
4925.49 0.271672
4926.33 0.272164
4927.16 0.272657
4928.0 0.273151
4928.84 0.273644
4929.68 0.274137
4930.52 0.274631
4931.36 0.275125
4932.2 0.275641
4933.04 0.276158
4933.88 0.276676
4934.72 0.277193
4935.56 0.27771
4936.4 0.278228
4937.24 0.278746
4938.08 0.279263
4938.92 0.279781
4939.76 0.280299
4940.6 0.280818
4941.44 0.281326
4942.28 0.281706
4943.12 0.282087
4943.96 0.282467
4944.8 0.282848
4945.65 0.283228
4946.49 0.283609
4947.33 0.28399
4948.17 0.284371
4949.01 0.284752
4949.86 0.285133
4950.7 0.285514
4951.54 0.285835
4952.38 0.285896
4953.23 0.285958
4954.07 0.286019
4954.91 0.286081
4955.76 0.286142
4956.6 0.286203
4957.44 0.286265
4958.29 0.286326
4959.13 0.286388
4959.98 0.28645
4960.82 0.286511
4961.66 0.286445
4962.51 0.286121
4963.35 0.285797
4964.2 0.285473
4965.04 0.285149
4965.89 0.284824
4966.73 0.2845
4967.58 0.284175
4968.42 0.283851
4969.27 0.283526
4970.11 0.283202
4970.96 0.282877
4971.81 0.282516
4972.65 0.282117
4973.5 0.281719
4974.35 0.28132
4975.19 0.280922
4976.04 0.280523
4976.88 0.280124
4977.73 0.279725
4978.58 0.279326
4979.43 0.278927
4980.27 0.278528
4981.12 0.278129
4981.97 0.277954
4982.82 0.277882
4983.67 0.27781
4984.51 0.277738
4985.36 0.277666
4986.21 0.277594
4987.06 0.277522
4987.91 0.27745
4988.76 0.277378
4989.61 0.277306
4990.46 0.277245
4991.31 0.277193
4992.15 0.277527
4993.0 0.277907
4993.85 0.278286
4994.7 0.278665
4995.55 0.279045
4996.4 0.279424
4997.25 0.279804
4998.1 0.280184
4998.96 0.280564
4999.81 0.280944
5000.66 0.281304
5001.51 0.281666
5002.36 0.282087
5003.21 0.282507
5004.06 0.282927
5004.91 0.283348
5005.77 0.283768
5006.62 0.284189
5007.47 0.28461
5008.32 0.28503
5009.17 0.285451
5010.03 0.285872
5010.88 0.286293
5011.73 0.28656
5012.59 0.286589
5013.44 0.286617
5014.29 0.286646
5015.15 0.286675
5016.0 0.286704
5016.85 0.286732
5017.71 0.286761
5018.56 0.28679
5019.42 0.286819
5020.27 0.286847
5021.12 0.286876
5021.98 0.28652
5022.83 0.28598
5023.69 0.28544
5024.54 0.2849
5025.4 0.28436
5026.25 0.283819
5027.11 0.283279
5027.96 0.282739
5028.82 0.282198
5029.68 0.281657
5030.53 0.281113
5031.39 0.280567
5032.25 0.279789
5033.1 0.279006
5033.96 0.278224
5034.81 0.277442
5035.67 0.27666
5036.53 0.275877
5037.38 0.275095
5038.24 0.274312
5039.1 0.273529
5039.96 0.272746
5040.81 0.271963
5041.67 0.271238
5042.53 0.270642
5043.39 0.270047
5044.25 0.26945
5045.11 0.268854
5045.96 0.268258
5046.82 0.267662
5047.68 0.267065
5048.54 0.266469
5049.4 0.265872
5050.26 0.265276
5051.12 0.264679
5051.98 0.264354
5052.84 0.264165
5053.7 0.263977
5054.56 0.263789
5055.42 0.2636
5056.28 0.263412
5057.14 0.263223
5058.0 0.263035
5058.86 0.262846
5059.72 0.262658
5060.58 0.262469
5061.45 0.262296
5062.31 0.26249
5063.17 0.262684
5064.03 0.262878
5064.89 0.263072
5065.75 0.263266
5066.62 0.26346
5067.48 0.263655
5068.34 0.263849
5069.21 0.264043
5070.07 0.264237
5070.93 0.264431
5071.79 0.264703
5072.66 0.265074
5073.52 0.265445
5074.38 0.265816
5075.25 0.266187
5076.11 0.266558
5076.98 0.266929
5077.84 0.2673
5078.7 0.267672
5079.57 0.268043
5080.43 0.268414
5081.3 0.268786
5082.16 0.269141
5083.03 0.269495
5083.89 0.269848
5084.76 0.270201
5085.62 0.270555
5086.49 0.270908
5087.35 0.271262
5088.22 0.271615
5089.08 0.271969
5089.95 0.272322
5090.82 0.272676
5091.68 0.272976
5092.55 0.273155
5093.42 0.273333
5094.28 0.273512
5095.15 0.273691
5096.02 0.273869
5096.89 0.274048
5097.75 0.274227
5098.62 0.274406
5099.49 0.274585
5100.36 0.274763
5101.23 0.274942
5102.09 0.275043
5102.96 0.275121
5103.83 0.275199
5104.7 0.275277
5105.57 0.275355
5106.44 0.275433
5107.31 0.275511
5108.17 0.275589
5109.04 0.275668
5109.91 0.275745
5110.78 0.275824
5111.65 0.275908
5112.52 0.276012
5113.39 0.276115
5114.26 0.276219
5115.13 0.276323
5116.0 0.276426
5116.88 0.27653
5117.75 0.276633
5118.62 0.276737
5119.49 0.27684
5120.36 0.276944
5121.23 0.277048
5122.1 0.277261
5122.97 0.277507
5123.85 0.277752
5124.72 0.277998
5125.59 0.278243
5126.46 0.278489
5127.33 0.278735
5128.21 0.278981
5129.08 0.279226
5129.95 0.279472
5130.83 0.279737
5131.7 0.280015
5132.57 0.280319
5133.45 0.280622
5134.32 0.280925
5135.19 0.281229
5136.07 0.281533
5136.94 0.281836
5137.82 0.28214
5138.69 0.282444
5139.57 0.282748
5140.44 0.283042
5141.31 0.283325
5142.19 0.28344
5143.06 0.283529
5143.94 0.283618
5144.82 0.283707
5145.69 0.283795
5146.57 0.283884
5147.44 0.283973
5148.32 0.284062
5149.2 0.284151
5150.07 0.28424
5150.95 0.28433
5151.83 0.284245
5152.7 0.283944
5153.58 0.283644
5154.46 0.283344
5155.33 0.283043
5156.21 0.282742
5157.09 0.282442
5157.97 0.282141
5158.84 0.28184
5159.72 0.281539
5160.6 0.281239
5161.48 0.280924
5162.36 0.280331
5163.24 0.279738
5164.12 0.279144
5164.99 0.278551
5165.87 0.277957
5166.75 0.277363
5167.63 0.27677
5168.51 0.276176
5169.39 0.275582
5170.27 0.274988
5171.15 0.274394
5172.03 0.273835
5172.91 0.273295
5173.79 0.272754
5174.67 0.272214
5175.55 0.271673
5176.43 0.271132
5177.31 0.270591
5178.19 0.27005
5179.08 0.269509
5179.96 0.268968
5180.84 0.268426
5181.72 0.267995
5182.6 0.267802
5183.48 0.267609
5184.37 0.267416
5185.25 0.267224
5186.13 0.267031
5187.02 0.266838
5187.9 0.266645
5188.78 0.266452
5189.66 0.266259
5190.55 0.266065
5191.43 0.265872
5192.31 0.266169
5193.2 0.266474
5194.08 0.26678
5194.97 0.267085
5195.85 0.26739
5196.73 0.267695
5197.62 0.268001
5198.5 0.268306
5199.39 0.268612
5200.27 0.268917
5201.16 0.269222
5202.04 0.26976
5202.93 0.270411
5203.81 0.271062
5204.7 0.271713
5205.59 0.272364
5206.47 0.273015
5207.36 0.273666
5208.24 0.274318
5209.13 0.274969
5210.02 0.275621
5210.9 0.276272
5211.79 0.276933
5212.68 0.277608
5213.56 0.278282
5214.45 0.278958
5215.34 0.279633
5216.23 0.280308
5217.12 0.280983
5218.0 0.281659
5218.89 0.282334
5219.78 0.28301
5220.67 0.283686
5221.56 0.284328
5222.44 0.284715
5223.33 0.285102
5224.22 0.285489
5225.11 0.285876
5226.0 0.286263
5226.89 0.28665
5227.78 0.287037
5228.67 0.287425
5229.56 0.287812
5230.45 0.2882
5231.34 0.288589
5232.23 0.288657
5233.12 0.288676
5234.01 0.288695
5234.9 0.288715
5235.79 0.288734
5236.69 0.288753
5237.58 0.288773
5238.47 0.288792
5239.36 0.288812
5240.25 0.288831
5241.14 0.28885
5242.04 0.288723
5242.93 0.288516
5243.82 0.288309
5244.71 0.288101
5245.6 0.287893
5246.5 0.287686
5247.39 0.287478
5248.28 0.28727
5249.18 0.287063
5250.07 0.286855
5250.96 0.286647
5251.86 0.286427
5252.75 0.286191
5253.65 0.285955
5254.54 0.285719
5255.43 0.285482
5256.33 0.285246
5257.22 0.28501
5258.12 0.284774
5259.01 0.284537
5259.91 0.284301
5260.8 0.284065
5261.7 0.283847
5262.59 0.283685
5263.49 0.283522
5264.38 0.283359
5265.28 0.283197
5266.18 0.283034
5267.07 0.282871
5267.97 0.282708
5268.87 0.282545
5269.76 0.282382
5270.66 0.282219
5271.56 0.282063
5272.45 0.281963
5273.35 0.281862
5274.25 0.281762
5275.15 0.281662
5276.04 0.281562
5276.94 0.281462
5277.84 0.281362
5278.74 0.281261
5279.64 0.281161
5280.54 0.281061
5281.43 0.280961
5282.33 0.280865
5283.23 0.280771
5284.13 0.280676
5285.03 0.280581
5285.93 0.280486
5286.83 0.280391
5287.73 0.280296
5288.63 0.280201
5289.53 0.280106
5290.43 0.280011
5291.33 0.279916
5292.23 0.279803
5293.13 0.279688
5294.03 0.279572
5294.93 0.279457
5295.83 0.279341
5296.74 0.279226
5297.64 0.27911
5298.54 0.278994
5299.44 0.278879
5300.34 0.278763
5301.25 0.278647
5302.15 0.278555
5303.05 0.27847
5303.95 0.278385
5304.85 0.278301
5305.76 0.278216
5306.66 0.278131
5307.56 0.278046
5308.47 0.277962
5309.37 0.277877
5310.27 0.277792
5311.18 0.277707
5312.08 0.27768
5312.99 0.277681
5313.89 0.277683
5314.79 0.277684
5315.7 0.277686
5316.6 0.277687
5317.51 0.277688
5318.41 0.27769
5319.32 0.277691
5320.22 0.277693
5321.13 0.277694
5322.04 0.277786
5322.94 0.277935
5323.85 0.278084
5324.75 0.278233
5325.66 0.278382
5326.57 0.278531
5327.47 0.27868
5328.38 0.278829
5329.29 0.278978
5330.19 0.279127
5331.1 0.279276
5332.01 0.279481
5332.92 0.279726
5333.82 0.279972
5334.73 0.280217
5335.64 0.280463
5336.55 0.280709
5337.46 0.280954
5338.36 0.2812
5339.27 0.281446
5340.18 0.281692
5341.09 0.281938
5342.0 0.282209
5342.91 0.282499
5343.82 0.282789
5344.73 0.28308
5345.64 0.28337
5346.55 0.283661
5347.46 0.283951
5348.37 0.284242
5349.28 0.284532
5350.19 0.284823
5351.1 0.285113
5352.01 0.285381
5352.92 0.285631
5353.83 0.285881
5354.74 0.286131
5355.65 0.286381
5356.56 0.286631
5357.48 0.286882
5358.39 0.287132
5359.3 0.287382
5360.21 0.287633
5361.12 0.287883
5362.04 0.288069
5362.95 0.288213
5363.86 0.288356
5364.77 0.288499
5365.69 0.288643
5366.6 0.288786
5367.51 0.28893
5368.43 0.289073
5369.34 0.289217
5370.25 0.289361
5371.17 0.289504
5372.08 0.289574
5373.0 0.289605
5373.91 0.289635
5374.83 0.289665
5375.74 0.289695
5376.66 0.289726
5377.57 0.289756
5378.49 0.289786
5379.4 0.289816
5380.32 0.289847
5381.23 0.289877
5382.15 0.289823
5383.06 0.289735
5383.98 0.289647
5384.9 0.289559
5385.81 0.289471
5386.73 0.289383
5387.65 0.289295
5388.56 0.289207
5389.48 0.289119
5390.4 0.289031
5391.32 0.288942
5392.23 0.2888
5393.15 0.288643
5394.07 0.288487
5394.99 0.28833
5395.91 0.288174
5396.83 0.288017
5397.74 0.287861
5398.66 0.287704
5399.58 0.287548
5400.5 0.287391
5401.42 0.287234
5402.34 0.287037
5403.26 0.286836
5404.18 0.286635
5405.1 0.286434
5406.02 0.286233
5406.94 0.286032
5407.86 0.285831
5408.78 0.28563
5409.7 0.285429
5410.62 0.285228
5411.54 0.285025
5412.46 0.28479
5413.38 0.284555
5414.3 0.28432
5415.23 0.284085
5416.15 0.283849
5417.07 0.283614
5417.99 0.283379
5418.91 0.283144
5419.83 0.282909
5420.76 0.282673
5421.68 0.282438
5422.6 0.282205
5423.52 0.281972
5424.45 0.281739
5425.37 0.281506
5426.29 0.281273
5427.22 0.281039
5428.14 0.280806
5429.07 0.280573
5429.99 0.28034
5430.91 0.280106
5431.84 0.279888
5432.76 0.279696
5433.69 0.279505
5434.61 0.279314
5435.54 0.279122
5436.46 0.278931
5437.39 0.27874
5438.31 0.278548
5439.24 0.278357
5440.16 0.278166
5441.09 0.277974
5442.02 0.277819
5442.94 0.277696
5443.87 0.277572
5444.79 0.277448
5445.72 0.277325
5446.65 0.277201
5447.58 0.277077
5448.5 0.276954
5449.43 0.27683
5450.36 0.276706
5451.29 0.276582
5452.21 0.276542
5453.14 0.276529
5454.07 0.276516
5455.0 0.276503
5455.93 0.27649
5456.85 0.276478
5457.78 0.276465
5458.71 0.276452
5459.64 0.276439
5460.57 0.276426
5461.5 0.276413
5462.43 0.276525
5463.36 0.276638
5464.29 0.276752
5465.22 0.276866
5466.15 0.276979
5467.08 0.277093
5468.01 0.277207
5468.94 0.277321
5469.87 0.277434
5470.8 0.277548
5471.73 0.277689
5472.67 0.277921
5473.6 0.278154
5474.53 0.278386
5475.46 0.278619
5476.39 0.278852
5477.32 0.279085
5478.25 0.279317
5479.19 0.27955
5480.12 0.279783
5481.05 0.280016
5481.99 0.28028
5482.92 0.280576
5483.85 0.280872
5484.79 0.281168
5485.72 0.281464
5486.65 0.28176
5487.59 0.282056
5488.52 0.282353
5489.46 0.282649
5490.39 0.282945
5491.32 0.283241
5492.26 0.283533
5493.19 0.283824
5494.13 0.284115
5495.06 0.284406
5496.0 0.284698
5496.93 0.284989
5497.87 0.28528
5498.81 0.285571
5499.74 0.285863
5500.68 0.286155
5501.61 0.28644
5502.55 0.286647
5503.48 0.286855
5504.42 0.287062
5505.36 0.287269
5506.3 0.287477
5507.23 0.287684
5508.17 0.287892
5509.11 0.2881
5510.04 0.288307
5510.98 0.288515
5511.92 0.288658
5512.86 0.288713
5513.8 0.288768
5514.74 0.288822
5515.67 0.288877
5516.61 0.288932
5517.55 0.288987
5518.49 0.289042
5519.43 0.289096
5520.37 0.289151
5521.31 0.289206
5522.25 0.289138
5523.19 0.289032
5524.13 0.288926
5525.07 0.28882
5526.01 0.288714
5526.95 0.288608
5527.89 0.288502
5528.83 0.288396
5529.77 0.28829
5530.71 0.288183
5531.65 0.28806
5532.6 0.287819
5533.54 0.287578
5534.48 0.287336
5535.42 0.287095
5536.36 0.286854
5537.31 0.286612
5538.25 0.286371
5539.19 0.286129
5540.13 0.285888
5541.08 0.285646
5542.02 0.285375
5542.96 0.285074
5543.91 0.284773
5544.85 0.284473
5545.79 0.284172
5546.74 0.283871
5547.68 0.283571
5548.63 0.28327
5549.57 0.282969
5550.52 0.282668
5551.46 0.282367
5552.4 0.282052
5553.35 0.281735
5554.29 0.281417
5555.24 0.2811
5556.19 0.280783
5557.13 0.280466
5558.08 0.280149
5559.02 0.279832
5559.97 0.279514
5560.92 0.279197
5561.86 0.278893
5562.81 0.278617
5563.75 0.27834
5564.7 0.278064
5565.65 0.277787
5566.6 0.277511
5567.54 0.277234
5568.49 0.276957
5569.44 0.27668
5570.39 0.276395
5571.33 0.276096
5572.28 0.275861
5573.23 0.275646
5574.18 0.27543
5575.13 0.275214
5576.08 0.274999
5577.03 0.274783
5577.98 0.274568
5578.92 0.274352
5579.88 0.274137
5580.82 0.27394
5581.77 0.273772
5582.72 0.273686
5583.67 0.2736
5584.62 0.273514
5585.58 0.273429
5586.53 0.273343
5587.48 0.273257
5588.43 0.273171
5589.38 0.273085
5590.33 0.272999
5591.28 0.272913
5592.23 0.272925
5593.19 0.272975
5594.14 0.273025
5595.09 0.273074
5596.04 0.273124
5596.99 0.273174
5597.95 0.273224
5598.9 0.273274
5599.85 0.273324
5600.81 0.273374
5601.76 0.273452
5602.71 0.273635
5603.67 0.273818
5604.62 0.274001
5605.57 0.274184
5606.53 0.274367
5607.48 0.27455
5608.44 0.274733
5609.39 0.274916
5610.35 0.275099
5611.3 0.275282
5612.25 0.275542
5613.21 0.27583
5614.17 0.276118
5615.12 0.276406
5616.08 0.276694
5617.03 0.276982
5617.99 0.27727
5618.94 0.277558
5619.9 0.277847
5620.86 0.278135
5621.81 0.278435
5622.77 0.278768
5623.73 0.279101
5624.69 0.279434
5625.64 0.279767
5626.6 0.2801
5627.56 0.280433
5628.52 0.280767
5629.47 0.2811
5630.43 0.28143
5631.39 0.281756
5632.35 0.282058
5633.31 0.282354
5634.27 0.282651
5635.22 0.282947
5636.18 0.283243
5637.14 0.28354
5638.1 0.283836
5639.06 0.284133
5640.02 0.284429
5640.98 0.284726
5641.94 0.284975
5642.9 0.285151
5643.86 0.285328
5644.82 0.285504
5645.78 0.28568
5646.74 0.285857
5647.71 0.286033
5648.67 0.286209
5649.63 0.286386
5650.59 0.286562
5651.55 0.286739
5652.51 0.286753
5653.48 0.286764
5654.44 0.286775
5655.4 0.286786
5656.36 0.286797
5657.32 0.286808
5658.29 0.286819
5659.25 0.28683
5660.21 0.286841
5661.18 0.286852
5662.14 0.286777
5663.1 0.286643
5664.07 0.286509
5665.03 0.286375
5666.0 0.286241
5666.96 0.286106
5667.92 0.285972
5668.89 0.285838
5669.85 0.285704
5670.82 0.28557
5671.78 0.285411
5672.75 0.285169
5673.71 0.284926
5674.68 0.284683
5675.65 0.28444
5676.61 0.284197
5677.58 0.283954
5678.54 0.283711
5679.51 0.283468
5680.48 0.283225
5681.44 0.282982
5682.41 0.28272
5683.38 0.282455
5684.35 0.28219
5685.31 0.281925
5686.28 0.281661
5687.25 0.281396
5688.22 0.281131
5689.19 0.280866
5690.15 0.280601
5691.12 0.280336
5692.09 0.28009
5693.06 0.279861
5694.03 0.279631
5695.0 0.279402
5695.97 0.279173
5696.94 0.278943
5697.9 0.278714
5698.88 0.278485
5699.85 0.278255
5700.81 0.278026
5701.79 0.277811
5702.76 0.277648
5703.73 0.277485
5704.7 0.277323
5705.67 0.27716
5706.64 0.276997
5707.61 0.276835
5708.58 0.276672
5709.55 0.276509
5710.52 0.276347
5711.5 0.276184
5712.47 0.276077
5713.44 0.275975
5714.41 0.275873
5715.39 0.275771
5716.36 0.27567
5717.33 0.275568
5718.31 0.275466
5719.28 0.275364
5720.25 0.275257
5721.23 0.275132
5722.2 0.27503
5723.17 0.274941
5724.15 0.274853
5725.12 0.274764
5726.1 0.274675
5727.07 0.274587
5728.04 0.274498
5729.02 0.274409
5730.0 0.274321
5730.97 0.274254
5731.94 0.2742
5732.92 0.274165
5733.9 0.27413
5734.87 0.274095
5735.85 0.27406
5736.83 0.274025
5737.8 0.27399
5738.78 0.273954
5739.75 0.273919
5740.73 0.273884
5741.71 0.273853
5742.69 0.273846
5743.66 0.273839
5744.64 0.273832
5745.62 0.273825
5746.6 0.273818
5747.57 0.273811
5748.55 0.273804
5749.53 0.273797
5750.51 0.27379
5751.49 0.273783
5752.47 0.273814
5753.45 0.273849
5754.42 0.273884
5755.4 0.273919
5756.38 0.273955
5757.36 0.27399
5758.34 0.274025
5759.32 0.274061
5760.3 0.274096
5761.29 0.274131
5762.27 0.274213
5763.25 0.274317
5764.23 0.274421
5765.21 0.274525
5766.19 0.27463
5767.17 0.274734
5768.15 0.274838
5769.13 0.274942
5770.12 0.275046
5771.1 0.27515
5772.08 0.275297
5773.06 0.275489
5774.04 0.275681
5775.03 0.275873
5776.01 0.276065
5776.99 0.276257
5777.98 0.276449
5778.96 0.276641
5779.94 0.276833
5780.93 0.277025
5781.91 0.277238
5782.9 0.277498
5783.88 0.277758
5784.86 0.278017
5785.85 0.278277
5786.83 0.278537
5787.82 0.278797
5788.8 0.279057
5789.79 0.279317
5790.77 0.279577
5791.76 0.279838
5792.75 0.280109
5793.73 0.280379
5794.72 0.28065
5795.7 0.28092
5796.69 0.281191
5797.68 0.281461
5798.66 0.281732
5799.65 0.282002
5800.64 0.282273
5801.62 0.282543
5802.61 0.282746
5803.6 0.28295
5804.59 0.283154
5805.58 0.283357
5806.56 0.283561
5807.55 0.283765
5808.54 0.283968
5809.53 0.284172
5810.52 0.284376
5811.51 0.284579
5812.5 0.284653
5813.48 0.28471
5814.47 0.284768
5815.46 0.284826
5816.45 0.284884
5817.44 0.284941
5818.43 0.284999
5819.42 0.285057
5820.41 0.285104
5821.4 0.285138
5822.4 0.285022
5823.39 0.284866
5824.38 0.28471
5825.37 0.284554
5826.36 0.284398
5827.35 0.284242
5828.34 0.284086
5829.33 0.28393
5830.33 0.283783
5831.32 0.283655
5832.31 0.283408
5833.31 0.28311
5834.3 0.282812
5835.29 0.282514
5836.28 0.282216
5837.28 0.281918
5838.27 0.28162
5839.26 0.281322
5840.26 0.281023
5841.25 0.280725
5842.25 0.280371
5843.24 0.279985
5844.23 0.2796
5845.23 0.279213
5846.23 0.278827
5847.22 0.278441
5848.21 0.278055
5849.21 0.277668
5850.21 0.277282
5851.2 0.276896
5852.2 0.276519
5853.19 0.276148
5854.19 0.275777
5855.19 0.275406
5856.18 0.275035
5857.18 0.274664
5858.18 0.274293
5859.17 0.273922
5860.17 0.273551
5861.17 0.273179
5862.17 0.272858
5863.16 0.272578
5864.16 0.272298
5865.16 0.272018
5866.16 0.271738
5867.15 0.271458
5868.15 0.271178
5869.15 0.270898
5870.15 0.270618
5871.15 0.270338
5872.15 0.270131
5873.15 0.269992
5874.15 0.269852
5875.15 0.269713
5876.15 0.269574
5877.15 0.269435
5878.15 0.269295
5879.15 0.269156
5880.15 0.269016
5881.15 0.268877
5882.15 0.268816
5883.15 0.268826
5884.15 0.268836
5885.15 0.268846
5886.16 0.268857
5887.16 0.268867
5888.16 0.268877
5889.16 0.268888
5890.17 0.268898
5891.17 0.268908
5892.17 0.268972
5893.17 0.269081
5894.18 0.26919
5895.18 0.2693
5896.18 0.269409
5897.19 0.269518
5898.19 0.269627
5899.19 0.269737
5900.2 0.269841
5901.2 0.269928
5902.21 0.270054
5903.21 0.27021
5904.22 0.270366
5905.22 0.270522
5906.23 0.270678
5907.23 0.270834
5908.24 0.270989
5909.24 0.271145
5910.25 0.271307
5911.25 0.271486
5912.26 0.271678
5913.27 0.271877
5914.27 0.272076
5915.28 0.272275
5916.29 0.272475
5917.29 0.272674
5918.3 0.272873
5919.31 0.273073
5920.31 0.273272
5921.32 0.273471
5922.33 0.273659
5923.34 0.273842
5924.35 0.274024
5925.35 0.274207
5926.36 0.274389
5927.37 0.274572
5928.38 0.274754
5929.39 0.274937
5930.4 0.27512
5931.41 0.275302
5932.42 0.275471
5933.43 0.275635
5934.44 0.2758
5935.45 0.275964
5936.46 0.276129
5937.47 0.276293
5938.48 0.276458
5939.49 0.276622
5940.5 0.276787
5941.51 0.276951
5942.52 0.277101
5943.53 0.277247
5944.54 0.277394
5945.56 0.277541
5946.57 0.277688
5947.58 0.277835
5948.59 0.277982
5949.6 0.278129
5950.62 0.278276
5951.63 0.278423
5952.64 0.278561
5953.66 0.278698
5954.67 0.278835
5955.68 0.278972
5956.7 0.279109
5957.71 0.279246
5958.72 0.279383
5959.74 0.279521
5960.75 0.279658
5961.77 0.279795
5962.78 0.279932
5963.8 0.280068
5964.81 0.280205
5965.83 0.280341
5966.84 0.280478
5967.86 0.280614
5968.87 0.280751
5969.89 0.280888
5970.9 0.281003
5971.92 0.281109
5972.94 0.281197
5973.96 0.281285
5974.97 0.281373
5975.99 0.281461
5977.0 0.281549
5978.02 0.281637
5979.04 0.281725
5980.06 0.281814
5981.08 0.281927
5982.09 0.282014
5983.11 0.282067
5984.13 0.28212
5985.15 0.282173
5986.17 0.282226
5987.19 0.282279
5988.21 0.282332
5989.22 0.282386
5990.24 0.282439
5991.26 0.282492
5992.28 0.282494
5993.3 0.282462
5994.32 0.282431
5995.34 0.2824
5996.36 0.282368
5997.38 0.282337
5998.4 0.282306
5999.42 0.282274
6000.45 0.282253
6001.47 0.282243
6002.49 0.282148
6003.51 0.282032
6004.53 0.281916
6005.55 0.281801
6006.58 0.281685
6007.6 0.281569
6008.62 0.281454
6009.64 0.281338
6010.67 0.281222
6011.69 0.281104
6012.71 0.280877
6013.74 0.280651
6014.76 0.280425
6015.78 0.280198
6016.81 0.279972
6017.83 0.279745
6018.85 0.279519
6019.88 0.279292
6020.9 0.279065
6021.93 0.27882
6022.95 0.278523
6023.98 0.278226
6025.0 0.277928
6026.03 0.277631
6027.06 0.277333
6028.08 0.277035
6029.11 0.276737
6030.13 0.276436
6031.16 0.276111
6032.19 0.275786
6033.21 0.275462
6034.24 0.275138
6035.27 0.274813
6036.29 0.274489
6037.32 0.274165
6038.35 0.273841
6039.38 0.273516
6040.4 0.273201
6041.43 0.272901
6042.46 0.272653
6043.49 0.272421
6044.52 0.272188
6045.55 0.271956
6046.58 0.271724
6047.6 0.271491
6048.63 0.271259
6049.66 0.271026
6050.69 0.270794
6051.72 0.270566
6052.75 0.270445
6053.78 0.270325
6054.81 0.270204
6055.84 0.270083
6056.87 0.269962
6057.9 0.269841
6058.94 0.26972
6059.97 0.269599
6061.0 0.269479
6062.03 0.269408
6063.06 0.269435
6064.09 0.269462
6065.13 0.269489
6066.16 0.269515
6067.19 0.269542
6068.22 0.269569
6069.26 0.269596
6070.29 0.269623
6071.32 0.26965
6072.35 0.269758
6073.39 0.269909
6074.42 0.27006
6075.46 0.270211
6076.49 0.270362
6077.52 0.270513
6078.56 0.270664
6079.59 0.270815
6080.63 0.270967
6081.66 0.271118
6082.7 0.271339
6083.73 0.271562
6084.77 0.271784
6085.81 0.272007
6086.84 0.272229
6087.88 0.272452
6088.91 0.272674
6089.95 0.272897
6090.98 0.273097
6092.02 0.273295
6093.06 0.273491
6094.1 0.273687
6095.13 0.273883
6096.17 0.274079
6097.21 0.274275
6098.25 0.274471
6099.28 0.274667
6100.32 0.274871
6101.36 0.275091
6102.4 0.275269
6103.44 0.275427
6104.48 0.275585
6105.52 0.275743
6106.55 0.275901
6107.59 0.276059
6108.63 0.276217
6109.67 0.276375
6110.71 0.276534
6111.75 0.276687
6112.79 0.276758
6113.83 0.27683
6114.87 0.276901
6115.91 0.276972
6116.96 0.277043
6118.0 0.277115
6119.04 0.277186
6120.08 0.277257
6121.12 0.277329
6122.16 0.277374
6123.2 0.277387
6124.25 0.277401
6125.29 0.277414
6126.33 0.277427
6127.37 0.27744
6128.42 0.277453
6129.46 0.277467
6130.5 0.27748
6131.55 0.277493
6132.59 0.277491
6133.63 0.277486
6134.68 0.277482
6135.72 0.277477
6136.77 0.277473
6137.81 0.277468
6138.85 0.277464
6139.9 0.277459
6140.94 0.277455
6141.99 0.277465
6143.04 0.277515
6144.08 0.277566
6145.13 0.277616
6146.17 0.277666
6147.22 0.277716
6148.26 0.277766
6149.31 0.277816
6150.36 0.277858
6151.4 0.277883
6152.45 0.277961
6153.5 0.27806
6154.54 0.278159
6155.59 0.278258
6156.64 0.278357
6157.69 0.278455
6158.74 0.278554
6159.79 0.278653
6160.83 0.278772
6161.88 0.278905
6162.93 0.279085
6163.98 0.279266
6165.03 0.279447
6166.08 0.279628
6167.13 0.279808
6168.18 0.279989
6169.23 0.28017
6170.28 0.280351
6171.33 0.280532
6172.38 0.280715
6173.43 0.280898
6174.48 0.281082
6175.53 0.281266
6176.58 0.28145
6177.63 0.281634
6178.68 0.281818
6179.73 0.282002
6180.79 0.282186
6181.84 0.282357
6182.89 0.282434
6183.94 0.282511
6185.0 0.282588
6186.05 0.282665
6187.1 0.282743
6188.15 0.28282
6189.21 0.282897
6190.26 0.282974
6191.31 0.283051
6192.37 0.283025
6193.42 0.282935
6194.48 0.282845
6195.53 0.282755
6196.58 0.282665
6197.64 0.282575
6198.69 0.282484
6199.75 0.282394
6200.8 0.282285
6201.86 0.282141
6202.92 0.28182
6203.97 0.281498
6205.03 0.281177
6206.08 0.280855
6207.14 0.280533
6208.19 0.280212
6209.25 0.27989
6210.31 0.279576
6211.37 0.27928
6212.42 0.278885
6213.48 0.278441
6214.54 0.277997
6215.6 0.277553
6216.65 0.277109
6217.71 0.276664
6218.77 0.27622
6219.83 0.275775
6220.89 0.275331
6221.94 0.274877
6223.0 0.274393
6224.06 0.273908
6225.12 0.273423
6226.18 0.272937
6227.24 0.272452
6228.3 0.271966
6229.36 0.271481
6230.42 0.270996
6231.48 0.270512
6232.54 0.270096
6233.6 0.269699
6234.66 0.269303
6235.73 0.268906
6236.79 0.268509
6237.85 0.268112
6238.91 0.267715
6239.97 0.267318
6241.03 0.266897
6242.1 0.266528
6243.16 0.266257
6244.22 0.265986
6245.28 0.265714
6246.35 0.265443
6247.41 0.265172
6248.47 0.2649
6249.54 0.264629
6250.6 0.264371
6251.66 0.264124
6252.73 0.264082
6253.79 0.264054
6254.86 0.264026
6255.92 0.263998
6256.98 0.26397
6258.05 0.263941
6259.12 0.263913
6260.18 0.263885
6261.25 0.263857
6262.31 0.263948
6263.38 0.264141
6264.44 0.264333
6265.51 0.264525
6266.58 0.264717
6267.64 0.26491
6268.71 0.265102
6269.78 0.265295
6270.84 0.265487
6271.91 0.265706
6272.98 0.266057
6274.05 0.266408
6275.11 0.26676
6276.18 0.267111
6277.25 0.267462
6278.32 0.267814
6279.39 0.268165
6280.46 0.268517
6281.52 0.268869
6282.59 0.26929
6283.66 0.269729
6284.73 0.270168
6285.8 0.270607
6286.87 0.271046
6287.94 0.271486
6289.01 0.271925
6290.08 0.272363
6291.15 0.272777
6292.22 0.273184
6293.29 0.273582
6294.37 0.273981
6295.44 0.274379
6296.51 0.274777
6297.58 0.275176
6298.65 0.275574
6299.72 0.275972
6300.8 0.276389
6301.87 0.276804
6302.94 0.277155
6304.01 0.277506
6305.09 0.277857
6306.16 0.278209
6307.23 0.27856
6308.31 0.278912
6309.38 0.279263
6310.45 0.279615
6311.53 0.279966
6312.6 0.280208
6313.68 0.280422
6314.75 0.280635
6315.83 0.280849
6316.9 0.281064
6317.98 0.281278
6319.05 0.281492
6320.13 0.281706
6321.2 0.28192
6322.28 0.282076
6323.35 0.282173
6324.43 0.282269
6325.51 0.282366
6326.58 0.282463
6327.66 0.282559
6328.74 0.282656
6329.81 0.282753
6330.89 0.282828
6331.97 0.28288
6333.05 0.28286
6334.12 0.282841
6335.2 0.282821
6336.28 0.282802
6337.36 0.282782
6338.44 0.282762
6339.52 0.282743
6340.6 0.282737
6341.67 0.282744
6342.75 0.282735
6343.83 0.282724
6344.91 0.282714
6345.99 0.282704
6347.07 0.282693
6348.15 0.282683
6349.23 0.282673
6350.31 0.282662
6351.4 0.282652
6352.48 0.28266
6353.56 0.282677
6354.64 0.282695
6355.72 0.282712
6356.8 0.28273
6357.88 0.282747
6358.97 0.282764
6360.05 0.282782
6361.13 0.282799
6362.21 0.282828
6363.3 0.282872
6364.38 0.282916
6365.46 0.28296
6366.55 0.283004
6367.63 0.283048
6368.71 0.283093
6369.8 0.283137
6370.88 0.283159
6371.96 0.28318
6373.05 0.283211
6374.13 0.283242
6375.22 0.283274
6376.3 0.283305
6377.39 0.283336
6378.48 0.283368
6379.56 0.283399
6380.65 0.283446
6381.73 0.283504
6382.82 0.283539
6383.9 0.283574
6384.99 0.283609
6386.08 0.283644
6387.17 0.283679
6388.25 0.283714
6389.34 0.283749
6390.43 0.283784
6391.51 0.283819
6392.6 0.283771
6393.69 0.283698
6394.78 0.283624
6395.87 0.283551
6396.96 0.283478
6398.04 0.283405
6399.13 0.283331
6400.22 0.283258
6401.31 0.283184
6402.4 0.283037
6403.49 0.282835
6404.58 0.282634
6405.67 0.282432
6406.76 0.28223
6407.85 0.282029
6408.94 0.281827
6410.03 0.281624
6411.12 0.281396
6412.21 0.281118
6413.31 0.280767
6414.4 0.280416
6415.49 0.280065
6416.58 0.279714
6417.67 0.279363
6418.77 0.279012
6419.86 0.278661
6420.95 0.278332
6422.04 0.277986
6423.14 0.277574
6424.23 0.277163
6425.32 0.276752
6426.42 0.27634
6427.51 0.275929
6428.6 0.275517
6429.7 0.275105
6430.79 0.274689
6431.89 0.274272
6432.98 0.273858
6434.08 0.273443
6435.17 0.273029
6436.27 0.272614
6437.36 0.272199
6438.46 0.271784
6439.55 0.271369
6440.65 0.270954
6441.75 0.270539
6442.84 0.270206
6443.94 0.269877
6445.04 0.269547
6446.13 0.269217
6447.23 0.268887
6448.33 0.268557
6449.42 0.268227
6450.52 0.267885
6451.62 0.267529
6452.72 0.267304
6453.82 0.267102
6454.92 0.2669
6456.01 0.266698
6457.11 0.266496
6458.21 0.266294
6459.31 0.266092
6460.41 0.265899
6461.51 0.265721
6462.61 0.265703
6463.71 0.265737
6464.81 0.265772
6465.91 0.265806
6467.01 0.265841
6468.11 0.265875
6469.21 0.26591
6470.31 0.265944
6471.41 0.265979
6472.52 0.266129
6473.62 0.266339
6474.72 0.266549
6475.82 0.266759
6476.92 0.26697
6478.02 0.26718
6479.13 0.26739
6480.23 0.267601
6481.33 0.267811
6482.44 0.268092
6483.54 0.268423
6484.64 0.268754
6485.75 0.269086
6486.85 0.269417
6487.95 0.269749
6489.06 0.27008
6490.16 0.270408
6491.27 0.270714
6492.37 0.271052
6493.48 0.271417
6494.58 0.271783
6495.69 0.272149
6496.79 0.272515
6497.9 0.272881
6499.0 0.273247
6500.11 0.27361
6501.22 0.273953
6502.32 0.274287
6503.43 0.274611
6504.54 0.274935
6505.64 0.275259
6506.75 0.275583
6507.86 0.275906
6508.97 0.27623
6510.07 0.276554
6511.18 0.276877
6512.29 0.277158
6513.4 0.277388
6514.51 0.277617
6515.62 0.277846
6516.73 0.278075
6517.83 0.278305
6518.94 0.278533
6520.05 0.278761
6521.16 0.278963
6522.27 0.279124
6523.38 0.27923
6524.49 0.279336
6525.6 0.279442
6526.71 0.279547
6527.83 0.279653
6528.94 0.279758
6530.05 0.279865
6531.16 0.279996
6532.27 0.280092
6533.38 0.280137
6534.49 0.280182
6535.6 0.280227
6536.72 0.280272
6537.83 0.280317
6538.94 0.280362
6540.06 0.280407
6541.17 0.280452
6542.28 0.280467
6543.4 0.280444
6544.51 0.28042
6545.62 0.280397
6546.74 0.280373
6547.85 0.280349
6548.97 0.280326
6550.08 0.280302
6551.19 0.280278
6552.31 0.28024
6553.43 0.280184
6554.54 0.280127
6555.66 0.280071
6556.77 0.280015
6557.89 0.279959
6559.0 0.279903
6560.12 0.279844
6561.24 0.27976
6562.35 0.279672
6563.47 0.279577
6564.59 0.279482
6565.71 0.279388
6566.82 0.279293
6567.94 0.279199
6569.06 0.279104
6570.18 0.279014
6571.29 0.278946
6572.41 0.278876
6573.53 0.278803
6574.65 0.278731
6575.77 0.278659
6576.89 0.278587
6578.01 0.278514
6579.13 0.278442
6580.25 0.27837
6581.37 0.278297
6582.49 0.278206
6583.61 0.278103
6584.73 0.277999
6585.85 0.277896
6586.97 0.277793
6588.09 0.277689
6589.21 0.277586
6590.33 0.277475
6591.46 0.277344
6592.58 0.277195
6593.7 0.277036
6594.82 0.276877
6595.94 0.276718
6597.07 0.27656
6598.19 0.276401
6599.31 0.276243
6600.44 0.276094
6601.56 0.275962
6602.68 0.275807
6603.81 0.275644
6604.93 0.275481
6606.05 0.275319
6607.18 0.275157
6608.3 0.274994
6609.43 0.274832
6610.55 0.274669
6611.68 0.274507
6612.8 0.274337
6613.93 0.274165
6615.05 0.273993
6616.18 0.273822
6617.31 0.27365
6618.43 0.273479
6619.56 0.273307
6620.69 0.273136
6621.81 0.272964
6622.94 0.272811
6624.07 0.272658
6625.19 0.272505
6626.32 0.272352
6627.45 0.272199
6628.58 0.272046
6629.71 0.271893
6630.83 0.271711
6631.96 0.271524
6633.09 0.27137
6634.22 0.271215
6635.35 0.271061
6636.48 0.270907
6637.61 0.270752
6638.74 0.270598
6639.87 0.270444
6641.0 0.270313
6642.13 0.270196
6643.26 0.27011
6644.39 0.270025
6645.52 0.26994
6646.65 0.269854
6647.78 0.269769
6648.91 0.269684
6650.04 0.269599
6651.18 0.269513
6652.31 0.269435
6653.44 0.269365
6654.57 0.269296
6655.71 0.269227
6656.84 0.269158
6657.97 0.269089
6659.1 0.26902
6660.24 0.268945
6661.37 0.268849
6662.5 0.268735
6663.64 0.268608
6664.77 0.268481
6665.91 0.268354
6667.04 0.268227
6668.18 0.2681
6669.31 0.267974
6670.45 0.267857
6671.58 0.267756
6672.72 0.267603
6673.85 0.267434
6674.99 0.267266
6676.12 0.267097
6677.26 0.266929
6678.4 0.26676
6679.53 0.266592
6680.67 0.266423
6681.81 0.266255
6682.94 0.266056
6684.08 0.265856
6685.22 0.265657
6686.36 0.265457
6687.5 0.265258
6688.63 0.265058
6689.77 0.264859
6690.91 0.264639
6692.05 0.264407
6693.19 0.264141
6694.33 0.263876
6695.47 0.263611
6696.61 0.263346
6697.75 0.263081
6698.89 0.262816
6700.03 0.262552
6701.17 0.262313
6702.31 0.262084
6703.45 0.26187
6704.59 0.261655
6705.73 0.261441
6706.87 0.261227
6708.01 0.261013
6709.15 0.260799
6710.3 0.260585
6711.44 0.260371
6712.58 0.260194
6713.72 0.260038
6714.87 0.259882
6716.01 0.259726
6717.15 0.25957
6718.29 0.259414
6719.44 0.259258
6720.58 0.259089
6721.73 0.258908
6722.87 0.258817
6724.01 0.258738
6725.16 0.258659
6726.3 0.25858
6727.45 0.258501
6728.59 0.258422
6729.74 0.258343
6730.88 0.258283
6732.03 0.258246
6733.17 0.2583
6734.32 0.258354
6735.47 0.258409
6736.61 0.258463
6737.76 0.258518
6738.91 0.258572
6740.05 0.258626
6741.2 0.25868
6742.35 0.258769
6743.5 0.258906
6744.64 0.259043
6745.79 0.259179
6746.94 0.259316
6748.09 0.259452
6749.24 0.259588
6750.38 0.259716
6751.53 0.259826
6752.68 0.259969
6753.83 0.260125
6754.98 0.260281
6756.13 0.260437
6757.28 0.260593
6758.43 0.260748
6759.58 0.260904
6760.73 0.261076
6761.88 0.261256
6763.03 0.261417
6764.19 0.261577
6765.33 0.261738
6766.49 0.261898
6767.64 0.262058
6768.79 0.262219
6769.94 0.262379
6771.1 0.262539
6772.25 0.262683
6773.4 0.262797
6774.55 0.26291
6775.71 0.263024
6776.86 0.263138
6778.01 0.263251
6779.17 0.263365
6780.32 0.26347
6781.47 0.263557
6782.63 0.263599
6783.78 0.263617
6784.94 0.263634
6786.09 0.263652
6787.25 0.26367
6788.4 0.263687
6789.56 0.263705
6790.71 0.263739
6791.87 0.263782
6793.02 0.263775
6794.18 0.263767
6795.34 0.263759
6796.49 0.263751
6797.65 0.263742
6798.81 0.263734
6799.96 0.263726
6801.12 0.263718
6802.28 0.263697
6803.44 0.263651
6804.6 0.263605
6805.75 0.263559
6806.91 0.263514
6808.07 0.263468
6809.23 0.263422
6810.39 0.263367
6811.55 0.263295
6812.71 0.263209
6813.87 0.263118
6815.02 0.263026
6816.19 0.262935
6817.35 0.262844
6818.5 0.262753
6819.67 0.262662
6820.83 0.262589
6821.99 0.262524
6823.15 0.262454
6824.31 0.262385
6825.47 0.262315
6826.63 0.262246
6827.79 0.262176
6828.96 0.262106
6830.12 0.262037
6831.28 0.261974
6832.44 0.2619
6833.61 0.261814
6834.77 0.261728
6835.93 0.261642
6837.1 0.261556
6838.26 0.261469
6839.42 0.261383
6840.59 0.261284
6841.75 0.261171
6842.92 0.261058
6844.08 0.260945
6845.25 0.260831
6846.41 0.260718
6847.58 0.260605
6848.74 0.260491
6849.91 0.260378
6851.07 0.260289
6852.24 0.260201
6853.4 0.26011
6854.57 0.260019
6855.74 0.259927
6856.9 0.259837
6858.07 0.259745
6859.24 0.259654
6860.41 0.259554
6861.58 0.259437
6862.74 0.259336
6863.91 0.259241
6865.08 0.259146
6866.25 0.259051
6867.42 0.258956
6868.58 0.258861
6869.75 0.258766
6870.92 0.258692
6872.09 0.258624
6873.26 0.258562
6874.43 0.258499
6875.6 0.258437
6876.77 0.258375
6877.94 0.258312
6879.11 0.25825
6880.28 0.258187
6881.46 0.258125
6882.62 0.25809
6883.8 0.258071
6884.97 0.258052
6886.14 0.258033
6887.31 0.258014
6888.48 0.257996
6889.66 0.257977
6890.83 0.257939
6892.0 0.257892
6893.17 0.25782
6894.35 0.257748
6895.52 0.257676
6896.7 0.257605
6897.87 0.257533
6899.04 0.257461
6900.22 0.257394
6901.39 0.257349
6902.57 0.257262
6903.74 0.257145
6904.92 0.257027
6906.09 0.256909
6907.27 0.256791
6908.44 0.256674
6909.62 0.256556
6910.79 0.256439
6911.97 0.256315
6913.15 0.256075
6914.32 0.255835
6915.5 0.255595
6916.68 0.255355
6917.85 0.255116
6919.03 0.254876
6920.21 0.254632
6921.39 0.254367
6922.56 0.253999
6923.74 0.253549
6924.92 0.253099
6926.1 0.25265
6927.28 0.2522
6928.46 0.251752
6929.64 0.251303
6930.82 0.250872
6932.0 0.250442
6933.18 0.249918
6934.36 0.249395
6935.54 0.248871
6936.72 0.248348
6937.9 0.247825
6939.08 0.247303
6940.26 0.246774
6941.44 0.246226
6942.62 0.245655
6943.8 0.245068
6944.98 0.244481
6946.17 0.243894
6947.35 0.243308
6948.53 0.242722
6949.71 0.242136
6950.9 0.241569
6952.08 0.241023
6953.26 0.240564
6954.45 0.240106
6955.63 0.239648
6956.81 0.239189
6958.0 0.238731
6959.18 0.238273
6960.37 0.237816
6961.55 0.237358
6962.74 0.237044
6963.92 0.236794
6965.11 0.236544
6966.29 0.236294
6967.48 0.236045
6968.66 0.235795
6969.85 0.235546
6971.04 0.235275
6972.22 0.235071
6973.41 0.235072
6974.6 0.235073
6975.78 0.235074
6976.97 0.235075
6978.16 0.235076
6979.35 0.235077
6980.53 0.235089
6981.72 0.235114
6982.91 0.235321
6984.1 0.235566
6985.29 0.235811
6986.48 0.236056
6987.67 0.236301
6988.85 0.236546
6990.04 0.23679
6991.23 0.237035
6992.42 0.237349
6993.61 0.237761
6994.8 0.238172
6995.99 0.238583
6997.18 0.238994
6998.38 0.239405
6999.57 0.239816
7000.76 0.240191
7001.95 0.240545
7003.14 0.240899
7004.33 0.241253
7005.52 0.241607
7006.72 0.24196
7007.91 0.242313
7009.1 0.242666
7010.29 0.243024
7011.49 0.243402
7012.68 0.243703
7013.88 0.24396
7015.07 0.244217
7016.26 0.244473
7017.46 0.244729
7018.65 0.244985
7019.85 0.245241
7021.04 0.245474
7022.24 0.245662
7023.43 0.245721
7024.63 0.24578
7025.82 0.245839
7027.02 0.245898
7028.21 0.245957
7029.41 0.246016
7030.61 0.246082
7031.8 0.246156
7033.0 0.246131
7034.2 0.246094
7035.39 0.246057
7036.59 0.246019
7037.79 0.245982
7038.99 0.245944
7040.19 0.245907
7041.38 0.245869
7042.58 0.245735
7043.78 0.245515
7044.98 0.245296
7046.18 0.245077
7047.38 0.244858
7048.58 0.244639
7049.78 0.24442
7050.98 0.24418
7052.18 0.24382
7053.38 0.242976
7054.58 0.242133
7055.78 0.24129
7056.98 0.240448
7058.18 0.239607
7059.38 0.238766
7060.58 0.237939
7061.78 0.237124
7062.98 0.23507
7064.19 0.232822
7065.39 0.230577
7066.59 0.228332
7067.79 0.226088
7069.0 0.223846
7070.2 0.221602
7071.4 0.21934
7072.61 0.215995
7073.81 0.211755
7075.02 0.207518
7076.22 0.203286
7077.42 0.199057
7078.63 0.194832
7079.83 0.190608
7081.04 0.186408
7082.24 0.181908
7083.45 0.176453
7084.65 0.171003
7085.86 0.165555
7087.07 0.160114
7088.27 0.154673
7089.48 0.149238
7090.69 0.143797
7091.89 0.138353
7093.1 0.133165
7094.31 0.127997
7095.51 0.122832
7096.72 0.117672
7097.93 0.112515
7099.14 0.107364
7100.35 0.102219
7101.55 0.097088
7102.76 0.092804
7103.97 0.088948
7105.18 0.085095
7106.39 0.081246
7107.6 0.077398
7108.81 0.073552
7110.02 0.069709
7111.23 0.065869
7112.44 0.06254
7113.65 0.059992
7114.86 0.057445
7116.07 0.0549
7117.28 0.052356
7118.49 0.049815
7119.71 0.047274
7120.92 0.044732
7122.13 0.042318
7123.34 0.040709
7124.55 0.039102
7125.77 0.037496
7126.98 0.035892
7128.19 0.034289
7129.4 0.032687
7130.62 0.031088
7131.83 0.029493
7133.05 0.028408
7134.26 0.027386
7135.47 0.026366
7136.69 0.025346
7137.9 0.024326
7139.12 0.023307
7140.33 0.022289
7141.55 0.021269
7142.76 0.020471
7143.98 0.019789
7145.19 0.019107
7146.41 0.018426
7147.63 0.017746
7148.84 0.017067
7150.06 0.016388
7151.28 0.015711
7152.5 0.015119
7153.71 0.014638
7154.93 0.014158
7156.15 0.013677
7157.37 0.013197
7158.58 0.012718
7159.8 0.012238
7161.02 0.011759
7162.24 0.011305
7163.46 0.010944
7164.68 0.010584
7165.9 0.010224
7167.12 0.009864
7168.34 0.009505
7169.56 0.009146
7170.78 0.008788
7172.0 0.008432
7173.22 0.008155
7174.44 0.007879
7175.66 0.007603
7176.88 0.007327
7178.1 0.007051
7179.32 0.006776
7180.55 0.0065
7181.77 0.006225
7182.99 0.006001
7184.21 0.005787
7185.44 0.005573
7186.66 0.005359
7187.88 0.005146
7189.1 0.004932
7190.33 0.004719
7191.55 0.004506
7192.78 0.004325
7194.0 0.004163
7195.23 0.004001
7196.45 0.003839
7197.67 0.003677
7198.9 0.003515
7200.12 0.003354
7201.35 0.003193
7202.58 0.003054
7203.8 0.002937
7205.03 0.002821
7206.25 0.002705
7207.48 0.002589
7208.71 0.002473
7209.93 0.002357
7211.16 0.002241
7212.39 0.002137
7213.62 0.002056
7214.84 0.001976
7216.07 0.001896
7217.3 0.001816
7218.53 0.001736
7219.76 0.001656
7220.98 0.001576
7222.21 0.001501
7223.44 0.001447
7224.67 0.001392
7225.9 0.001338
7227.13 0.001284
7228.36 0.00123
7229.59 0.001176
7230.82 0.001122
7232.05 0.001069
7233.29 0.001032
7234.52 0.000995
7235.75 0.000958
7236.98 0.000921
7238.21 0.000885
7239.44 0.000848
7240.67 0.000811
7241.91 0.000775
7243.14 0.000749
7244.37 0.000724
7245.6 0.000699
7246.84 0.000674
7248.07 0.000649
7249.31 0.000624
7250.54 0.000599
7251.77 0.000574
7253.01 0.000556
7254.24 0.00054
7255.48 0.000524
7256.71 0.000508
7257.95 0.000492
7259.18 0.000476
7260.42 0.00046
7261.65 0.000444
7262.89 0.00043
7264.12 0.000418
7265.36 0.000406