4216.65 0.0
4217.87 0.191081
4219.09 0.195452
4220.32 0.200409
4221.54 0.205869
4222.76 0.21202
4223.99 0.218159
4225.21 0.225144
4226.43 0.232548
4227.66 0.240373
4228.88 0.248939
4230.1 0.258051
4231.32 0.267464
4232.55 0.277466
4233.77 0.288011
4234.99 0.298838
4236.22 0.310312
4237.44 0.322542
4238.66 0.334348
4239.89 0.346683
4241.11 0.359147
4242.33 0.371983
4243.56 0.384801
4244.78 0.397222
4246.0 0.410077
4247.23 0.422263
4248.45 0.434449
4249.67 0.446555
4250.9 0.457751
4252.12 0.469229
4253.34 0.479658
4254.56 0.490096
4255.79 0.500332
4257.01 0.509771
4258.23 0.519119
4259.46 0.528368
4260.68 0.537226
4261.9 0.545684
4263.13 0.554589
4264.35 0.562266
4265.57 0.570411
4266.8 0.579093
4268.02 0.587453
4269.24 0.596387
4270.47 0.604971
4271.69 0.613997
4272.91 0.622773
4274.14 0.631604
4275.36 0.64098
4276.58 0.650675
4277.81 0.660549
4279.03 0.67073
4280.25 0.680743
4281.48 0.691202
4282.7 0.701786
4283.92 0.711712
4285.15 0.72143
4286.37 0.732025
4287.59 0.742164
4288.81 0.751324
4290.04 0.76024
4291.26 0.76962
4292.48 0.778109
4293.71 0.785732
4294.93 0.793427
4296.15 0.800065
4297.38 0.806546
4298.6 0.811571
4299.82 0.81655
4301.05 0.820752
4302.27 0.823965
4303.49 0.826311
4304.72 0.827911
4305.94 0.829084
4307.16 0.829455
4308.39 0.828345
4309.61 0.82737
4310.83 0.825072
4312.05 0.822259
4313.28 0.819105
4314.5 0.815076
4315.72 0.811944
4316.95 0.808052
4318.17 0.802806
4319.39 0.798229
4320.62 0.793268
4321.84 0.789109
4323.06 0.784027
4324.29 0.77996
4325.51 0.775419
4326.73 0.771099
4327.96 0.767624
4329.18 0.764561
4330.4 0.761581
4331.63 0.759006
4332.85 0.756279
4334.07 0.754449
4335.3 0.753472
4336.52 0.752906
4337.74 0.753089
4338.96 0.753251
4340.19 0.75358
4341.41 0.754409
4342.63 0.756036
4343.86 0.758157
4345.08 0.759562
4346.3 0.761979
4347.53 0.764454
4348.75 0.766763
4349.97 0.769789
4351.2 0.772887
4352.42 0.776012
4353.64 0.778645
4354.87 0.781512
4356.09 0.78442
4357.31 0.787172
4358.54 0.789902
4359.76 0.792518
4360.98 0.794698
4362.21 0.79669
4363.43 0.798249
4364.65 0.799971
4365.88 0.800719
4367.1 0.801736
4368.32 0.802122
4369.54 0.801654
4370.77 0.801611
4371.99 0.801538
4373.21 0.800272
4374.44 0.798521
4375.66 0.796498
4376.88 0.794903
4378.11 0.792151
4379.33 0.790006
4380.55 0.787825
4381.78 0.784919
4383.0 0.781544
4384.22 0.778435
4385.45 0.775769
4386.67 0.772537
4387.89 0.770052
4389.12 0.766543
4390.34 0.763912
4391.56 0.761877
4392.79 0.759458
4394.01 0.757383
4395.23 0.755296
4396.45 0.753277
4397.68 0.751908
4398.9 0.750776
4400.12 0.749818
4401.35 0.749383
4402.57 0.74895
4403.79 0.749109
4405.02 0.74906
4406.24 0.749532
4407.46 0.750221
4408.69 0.750712
4409.91 0.751671
4411.13 0.753217
4412.36 0.754289
4413.58 0.755734
4414.8 0.757433
4416.03 0.758966
4417.25 0.760593
4418.47 0.762187
4419.7 0.764182
4420.92 0.766132
4422.14 0.767826
4423.36 0.769168
4424.59 0.770481
4425.81 0.772244
4427.03 0.773465
4428.26 0.774901
4429.48 0.775622
4430.7 0.776383
4431.93 0.777036
4433.15 0.777794
4434.37 0.778906
4435.6 0.778616
4436.82 0.778917
4438.04 0.77933
4439.27 0.77839
4440.49 0.778413
4441.71 0.77807
4442.94 0.777289
4444.16 0.777091
4445.38 0.775962
4446.61 0.77515
4447.83 0.774295
4449.05 0.773241
4450.27 0.77185
4451.5 0.770493
4452.72 0.769703
4453.94 0.76904
4455.17 0.768175
4456.39 0.767093
4457.61 0.766433
4458.84 0.765545
4460.06 0.764505
4461.28 0.76349
4462.51 0.762909
4463.73 0.762597
4464.95 0.762168
4466.18 0.761085
4467.4 0.760508
4468.62 0.760195
4469.85 0.760047
4471.07 0.759538
4472.29 0.758388
4473.52 0.758064
4474.74 0.757216
4475.96 0.756955
4477.19 0.757041
4478.41 0.755762
4479.63 0.75508
4480.85 0.754492
4482.08 0.753839
4483.3 0.753042
4484.52 0.752156
4485.75 0.750893
4486.97 0.749765
4488.19 0.749037
4489.42 0.747836
4490.64 0.746571
4491.86 0.744931
4493.09 0.74351
4494.31 0.74207
4495.53 0.740139
4496.76 0.738635
4497.98 0.736964
4499.2 0.735035
4500.43 0.733263
4501.65 0.731518
4502.87 0.729471
4504.1 0.727409
4505.32 0.725656
4506.54 0.723835
4507.76 0.722403
4508.99 0.720661
4510.21 0.719168
4511.43 0.717672
4512.66 0.716521
4513.88 0.715229
4515.1 0.714137
4516.33 0.71343
4517.55 0.712683
4518.77 0.71209
4520.0 0.711639
4521.22 0.71152
4522.44 0.711504
4523.67 0.711916
4524.89 0.712539
4526.11 0.713666
4527.34 0.714883
4528.56 0.716144
4529.78 0.717637
4531.0 0.719712
4532.23 0.722046
4533.45 0.724311
4534.67 0.726841
4535.9 0.730133
4537.12 0.733285
4538.34 0.737052
4539.57 0.741097
4540.79 0.744535
4542.01 0.748873
4543.24 0.753291
4544.46 0.757469
4545.68 0.762554
4546.91 0.767185
4548.13 0.772075
4549.35 0.777996
4550.58 0.783028
4551.8 0.788307
4553.02 0.793821
4554.25 0.798953
4555.47 0.80354
4556.69 0.808875
4557.92 0.814449
4559.14 0.819125
4560.36 0.823883
4561.58 0.828795
4562.81 0.832749
4564.03 0.83697
4565.25 0.841208
4566.48 0.844573
4567.7 0.84835
4568.92 0.851522
4570.15 0.854156
4571.37 0.856383
4572.59 0.858159
4573.82 0.860293
4575.04 0.861711
4576.26 0.862972
4577.49 0.863828
4578.71 0.863993
4579.93 0.86433
4581.16 0.864483
4582.38 0.863621
4583.6 0.863307
4584.83 0.8623
4586.05 0.861027
4587.27 0.860159
4588.49 0.858734
4589.72 0.856841
4590.94 0.854534
4592.16 0.852532
4593.39 0.850824
4594.61 0.848528
4595.83 0.846535
4597.06 0.844732
4598.28 0.843358
4599.5 0.840556
4600.73 0.838416
4601.95 0.836968
4603.17 0.835202
4604.4 0.833231
4605.62 0.831877
4606.84 0.830644
4608.07 0.829033
4609.29 0.82823
4610.51 0.827473
4611.74 0.826573
4612.96 0.826226
4614.18 0.825694
4615.4 0.825574
4616.63 0.825606
4617.85 0.825795
4619.07 0.826223
4620.3 0.826564
4621.52 0.827437
4622.74 0.828144
4623.97 0.829541
4625.19 0.830709
4626.41 0.831744
4627.64 0.83338
4628.86 0.834844
4630.08 0.836148
4631.31 0.837884
4632.53 0.840352
4633.75 0.841998
4634.98 0.843781
4636.2 0.845672
4637.42 0.847298
4638.65 0.849033
4639.87 0.851252
4641.09 0.853676
4642.31 0.855514
4643.54 0.857414
4644.76 0.858917
4645.98 0.860923
4647.21 0.862922
4648.43 0.864146
4649.65 0.865531
4650.88 0.867241
4652.1 0.869066
4653.32 0.869851
4654.55 0.870868
4655.77 0.871925
4656.99 0.873165
4658.22 0.873778
4659.44 0.874387
4660.66 0.874705
4661.89 0.875185
4663.11 0.876418
4664.33 0.875888
4665.56 0.875729
4666.78 0.875837
4668.0 0.876494
4669.23 0.875635
4670.45 0.875197
4671.67 0.87503
4672.89 0.874008
4674.12 0.873691
4675.34 0.87355
4676.56 0.872425
4677.79 0.87149
4679.01 0.870744
4680.23 0.86972
4681.46 0.868802
4682.68 0.867842
4683.9 0.866409
4685.13 0.865513
4686.35 0.864962
4687.57 0.864221
4688.8 0.863285
4690.02 0.862037
4691.24 0.861291
4692.47 0.860487
4693.69 0.86015
4694.91 0.859851
4696.14 0.858801
4697.36 0.858832
4698.58 0.858764
4699.8 0.858416
4701.03 0.858445
4702.25 0.85814
4703.47 0.857999
4704.7 0.858753
4705.92 0.859636
4707.14 0.859982
4708.37 0.86008
4709.59 0.861181
4710.81 0.862302
4712.04 0.862822
4713.26 0.863992
4714.48 0.864868
4715.71 0.866007
4716.93 0.86752
4718.15 0.868549
4719.38 0.869382
4720.6 0.871061
4721.82 0.872349
4723.05 0.873253
4724.27 0.87419
4725.49 0.875096
4726.71 0.876813
4727.94 0.877124
4729.16 0.877944
4730.38 0.878107
4731.61 0.878939
4732.83 0.879775
4734.05 0.879227
4735.28 0.879925
4736.5 0.8795
4737.72 0.879578
4738.95 0.87923
4740.17 0.878533
4741.39 0.877912
4742.62 0.877455
4743.84 0.87626
4745.06 0.875153
4746.29 0.873659
4747.51 0.872347
4748.73 0.870722
4749.96 0.869204
4751.18 0.868006
4752.4 0.866414
4753.62 0.865009
4754.85 0.863108
4756.07 0.861351
4757.29 0.859159
4758.52 0.858167
4759.74 0.856591
4760.96 0.854663
4762.19 0.852636
4763.41 0.850968
4764.63 0.849916
4765.86 0.848679
4767.08 0.847637
4768.3 0.846704
4769.53 0.845693
4770.75 0.844851
4771.97 0.843924
4773.2 0.843845
4774.42 0.843249
4775.64 0.842538
4776.87 0.842706
4778.09 0.842488
4779.31 0.842916
4780.54 0.842607
4781.76 0.843029
4782.98 0.843741
4784.2 0.844146
4785.43 0.84436
4786.65 0.845283
4787.87 0.845802
4789.1 0.846614
4790.32 0.847653
4791.54 0.848441
4792.77 0.849419
4793.99 0.849818
4795.21 0.851119
4796.44 0.852067
4797.66 0.852686
4798.88 0.853471
4800.11 0.85467
4801.33 0.855739
4802.55 0.85666
4803.78 0.857197
4805.0 0.857168
4806.22 0.857501
4807.44 0.858625
4808.67 0.859268
4809.89 0.858944
4811.11 0.858909
4812.34 0.859264
4813.56 0.859405
4814.78 0.859246
4816.01 0.859479
4817.23 0.859174
4818.45 0.858213
4819.68 0.857489
4820.9 0.857886
4822.12 0.857017
4823.35 0.855913
4824.57 0.855283
4825.79 0.854369
4827.02 0.853556
4828.24 0.85283
4829.46 0.851669
4830.69 0.850274
4831.91 0.84924
4833.13 0.847926
4834.35 0.846564
4835.58 0.845325
4836.8 0.844064
4838.02 0.84289
4839.25 0.8419
4840.47 0.840049
4841.69 0.838289
4842.92 0.83705
4844.14 0.835794
4845.36 0.834382
4846.59 0.833166
4847.81 0.831461
4849.03 0.829939
4850.26 0.828466
4851.48 0.827052
4852.7 0.825504
4853.93 0.824136
4855.15 0.823082
4856.37 0.821765
4857.6 0.820319
4858.82 0.819023
4860.04 0.817425
4861.27 0.816348
4862.49 0.815215
4863.71 0.813832
4864.93 0.813003
4866.16 0.812343
4867.38 0.811397
4868.6 0.810164
4869.83 0.809657
4871.05 0.808926
4872.27 0.808543
4873.5 0.808363
4874.72 0.807593
4875.94 0.807435
4877.17 0.807234
4878.39 0.806679
4879.61 0.80717
4880.84 0.807818
4882.06 0.807916
4883.28 0.808071
4884.51 0.809088
4885.73 0.809868
4886.95 0.810879
4888.18 0.811687
4889.4 0.812943
4890.62 0.813994
4891.84 0.815537
4893.07 0.816842
4894.29 0.818549
4895.51 0.820121
4896.74 0.822244
4897.96 0.823992
4899.18 0.825499
4900.41 0.827511
4901.63 0.829071
4902.85 0.830738
4904.08 0.832959
4905.3 0.835055
4906.52 0.837175
4907.75 0.839035
4908.97 0.840948
4910.19 0.842682
4911.42 0.843856
4912.64 0.845425
4913.86 0.847321
4915.09 0.848313
4916.31 0.849773
4917.53 0.850743
4918.75 0.851534
4919.98 0.852431
4921.2 0.852915
4922.42 0.853472
4923.65 0.853928
4924.87 0.854304
4926.09 0.853853
4927.32 0.853498
4928.54 0.853266
4929.76 0.852557
4930.99 0.852427
4932.21 0.851559
4933.43 0.850281
4934.66 0.849688
4935.88 0.84885
4937.1 0.847326
4938.33 0.8461
4939.55 0.844934
4940.77 0.843609
4942.0 0.842286
4943.22 0.841398
4944.44 0.839834
4945.67 0.838692
4946.89 0.837203
4948.11 0.836434
4949.33 0.835558
4950.56 0.834368
4951.78 0.833482
4953.0 0.832629
4954.23 0.831685
4955.45 0.831472
4956.67 0.831262
4957.9 0.831055
4959.12 0.830545
4960.34 0.831254
4961.57 0.831508
4962.79 0.831364
4964.01 0.831796
4965.24 0.832321
4966.46 0.833027
4967.68 0.834206
4968.91 0.835318
4970.13 0.836371
4971.35 0.838258
4972.58 0.839763
4973.8 0.841154
4975.02 0.843027
4976.24 0.84515
4977.47 0.846765
4978.69 0.84858
4979.91 0.850059
4981.14 0.852354
4982.36 0.854844
4983.58 0.857233
4984.81 0.859631
4986.03 0.861878
4987.25 0.864718
4988.48 0.867034
4989.7 0.869222
4990.92 0.871683
4992.15 0.874341
4993.37 0.87652
4994.59 0.87917
4995.82 0.881394
4997.04 0.883619
4998.26 0.885938
4999.49 0.888544
5000.71 0.890399
5001.93 0.892772
5003.15 0.895558
5004.38 0.898062
5005.6 0.89939
5006.82 0.901634
5008.05 0.903085
5009.27 0.904537
5010.49 0.90617
5011.72 0.907674
5012.94 0.909335
5014.16 0.911016
5015.39 0.912969
5016.61 0.914742
5017.83 0.916268
5019.06 0.918001
5020.28 0.91851
5021.5 0.918793
5022.73 0.91841
5023.95 0.917541
5025.17 0.916692
5026.4 0.916325
5027.62 0.915821
5028.84 0.91563
5030.06 0.91501
5031.29 0.914153
5032.51 0.913642
5033.73 0.912949
5034.96 0.912459
5036.18 0.911178
5037.4 0.909865
5038.63 0.908721
5039.85 0.907353
5041.07 0.906044
5042.3 0.904308
5043.52 0.902572
5044.74 0.900888
5045.97 0.898828
5047.19 0.89684
5048.41 0.895021
5049.64 0.893558
5050.86 0.891122
5052.08 0.88883
5053.31 0.88719
5054.53 0.885499
5055.75 0.883443
5056.98 0.881604
5058.2 0.879497
5059.42 0.877481
5060.64 0.876254
5061.87 0.874367
5063.09 0.873053
5064.31 0.871648
5065.54 0.870551
5066.76 0.8689
5067.98 0.867873
5069.21 0.866965
5070.43 0.866187
5071.65 0.865662
5072.88 0.864707
5074.1 0.86485
5075.32 0.864368
5076.55 0.864003
5077.77 0.864048
5078.99 0.863883
5080.22 0.864106
5081.44 0.864605
5082.66 0.86493
5083.88 0.865314
5085.11 0.865788
5086.33 0.866443
5087.55 0.866649
5088.78 0.867333
5090.0 0.867821
5091.22 0.8685
5092.45 0.869487
5093.67 0.869692
5094.89 0.870265
5096.12 0.870788
5097.34 0.871624
5098.56 0.872128
5099.79 0.872248
5101.01 0.872462
5102.23 0.872721
5103.46 0.87279
5104.68 0.872873
5105.9 0.872795
5107.13 0.872853
5108.35 0.872656
5109.57 0.872711
5110.79 0.871962
5112.02 0.872117
5113.24 0.871445
5114.46 0.871106
5115.69 0.870401
5116.91 0.869463
5118.13 0.869021
5119.36 0.86889
5120.58 0.868299
5121.8 0.867812
5123.03 0.866365
5124.25 0.865848
5125.47 0.865224
5126.7 0.864649
5127.92 0.863919
5129.14 0.863048
5130.37 0.862539
5131.59 0.861794
5132.81 0.86078
5134.04 0.860105
5135.26 0.859132
5136.48 0.85826
5137.71 0.85735
5138.93 0.856178
5140.15 0.855438
5141.37 0.85372
5142.6 0.852276
5143.82 0.850677
5145.04 0.848489
5146.27 0.846261
5147.49 0.844298
5148.71 0.842104
5149.94 0.839806
5151.16 0.836852
5152.38 0.833811
5153.61 0.830828
5154.83 0.827597
5156.05 0.824079
5157.28 0.820349
5158.5 0.81633
5159.72 0.812781
5160.95 0.808549
5162.17 0.804766
5163.39 0.800862
5164.62 0.797213
5165.84 0.793401
5167.06 0.78893
5168.28 0.785354
5169.51 0.78185
5170.73 0.778441
5171.95 0.775133
5173.18 0.771925
5174.4 0.768959
5175.62 0.766419
5176.85 0.764755
5178.07 0.762851
5179.29 0.761345
5180.52 0.759987
5181.74 0.758618
5182.96 0.758232
5184.19 0.758224
5185.41 0.758787
5186.63 0.759602
5187.86 0.760557
5189.08 0.762079
5190.3 0.763957
5191.53 0.766119
5192.75 0.768783
5193.97 0.771182
5195.19 0.774055
5196.42 0.776707
5197.64 0.779805
5198.86 0.78243
5200.09 0.784949
5201.31 0.787538
5202.53 0.789821
5203.76 0.791471
5204.98 0.79254
5206.2 0.793045
5207.43 0.792221
5208.65 0.79074
5209.87 0.788198
5211.1 0.784222
5212.32 0.779138
5213.54 0.772399
5214.77 0.7642
5215.99 0.75427
5217.21 0.742402
5218.44 0.728919
5219.66 0.713335
5220.88 0.696207
5222.1 0.67749
5223.33 0.657092
5224.55 0.635578
5225.77 0.612244
5227.0 0.587642
5228.22 0.561971
5229.44 0.53592
5230.67 0.509089
5231.89 0.4817
5233.11 0.454237
5234.34 0.426766
5235.56 0.399264
5236.78 0.372402
5238.01 0.346211
5239.23 0.320853
5240.45 0.296291
5241.68 0.273106
5242.9 0.251194
5244.12 0.230506
5245.35 0.21151
5246.57 0.193865
5247.79 0.177673
5249.02 0.162949
5250.24 0.149525
5251.46 0.137538
5252.68 0.12673
5253.91 0.116982
5255.13 0.108236
5256.35 0.100485
5257.58 0.0935211
5258.8 0.0873639
5260.02 0.0819253
5261.25 0.077085
5262.47 0.0727932
5263.69 0.0689279
5264.92 0.065425
5266.14 0.0623778
5267.36 0.059666
5268.59 0.0572175
5269.81 0.0550716
5271.03 0.0531273
5272.26 0.0513735
5273.48 0.0497717
5274.7 0.0483099
5275.93 0.04709
5277.15 0.0459117
5278.37 0.0448512
5279.59 0.0439062
5280.82 0.0