ref,coli,yeast,sapiens
AAA,33.19,41.87,24.44
AAC,24.4,24.82,19.1
AAG,12.1,30.82,31.86
AAT,21.87,35.68,16.96
ACA,6.44,17.76,15.11
ACC,22.84,12.73,18.89
ACG,11.52,7.96,6.05
ACT,8,20.28,13.12
AGA,1.37,21.28,12.17
AGC,16.6,9.75,19.46
AGG,1.56,9.23,11.96
AGT,7.22,14.15,12.13
ATA,3.71,17.79,7.49
ATC,18.16,17.17,20.82
ATG,24.8,20.94,22.04
ATT,30.46,30.13,16
CAA,12.1,27.28,12.34
CAC,13.08,7.77,15.09
CAG,27.72,12.11,34.23
CAT,15.81,13.62,10.86
CCA,6.64,18.31,16.92
CCC,6.44,6.78,19.79
CCG,26.75,5.29,6.92
CCT,8.4,13.51,17.54
CGA,4.3,2.99,6.17
CGC,25.97,2.6,10.42
CGG,4.1,1.74,11.42
CGT,21.09,6.4,4.54
CTA,5.27,13.41,7.15
CTC,10.54,5.44,19.59
CTG,46.86,10.48,39.64
CTT,11.91,12.25,13.19
GAA,43.73,45.6,28.96
GAC,20.5,20.21,25.1
GAG,18.35,19.24,39.59
GAT,37.88,37.59,21.78
GCA,21.09,16.21,15.82
GCC,31.63,12.6,27.73
GCG,38.46,6.18,7.37
GCT,10.74,21.17,18.45
GGA,9.18,10.9,16.47
GGC,33.39,9.78,22.22
GGG,8.59,6.02,16.47
GGT,21.28,23.89,10.75
GTA,11.52,11.77,7.08
GTC,11.71,11.78,14.46
GTG,26.36,10.76,28.12
GTT,16.79,22.07,11.03
TAA,1.76,1.06,0.99
TAC,14.64,14.78,15.31
TAG,0,0.51,0.79
TAT,16.79,18.78,12.19
TCA,7.81,18.67,12.21
TCC,5.47,14.22,17.68
TCG,8,8.56,4.41
TCT,5.66,23.5,15.22
TGA,0.98,0.68,1.56
TGC,8,4.76,12.62
TGG,10.74,10.37,13.17
TGT,5.86,8.1,10.58
TTA,15.23,26.15,7.67
TTC,15.03,18.44,20.28
TTG,11.91,27.17,12.93
TTT,19.72,26.12,17.57
