TAF15 0.000000 0 0 3 2558
TBP 0.000000 0 0 1 1904
SAFB 0.000000 0 0 0 3498
TAF1 0.000000 0 0 0 7871
RNMT 0.000000 0 0 1 6203
RNGTT 0.000000 0 0 1 4463
RBAK 0.000000 0 0 2 6831
RB1 2.853517 0 1 0 4772
RLIM 0.000000 0 0 0 10629
SIN3A 0.000000 0 0 0 7154
PTGES3 0.000000 0 0 0 1916
HSP90AA2 0.000000 0 0 0 3300
DDX11 0.000000 0 0 10 4201
PCNA 0.000000 0 0 0 1779
FEN1 0.000000 0 0 1 2294
AMOTL2 0.000000 0 0 0 4984
MAD1L1 0.000000 0 0 4 3093
TUBB 0.000000 0 0 0 19865
HDAC6 0.000000 0 0 2 4099
C20orf20 0.000000 0 0 0 1636
DCP1B 0.000000 0 0 4 2092
SMAD4 0.000000 0 0 0 8771
TRIM28 0.000000 0 0 0 2959
CHAF1A 0.000000 0 0 0 3343
SETDB1 0.000000 0 0 1 5470
CDCA4 0.000000 0 0 1 4290
DNMT1 0.000000 0 0 1 5400
ZNF354A 0.000000 0 0 2 2555
ZNF689 0.000000 0 0 0 2708
MYB 2.759495 0 1 3 5290
SERTAD2 0.000000 0 0 0 5548
ZNF268 0.000000 0 0 1 6223
H2AFX 0.000000 0 0 0 1593
SMARCA4 0.000000 0 0 5 6500
VIM 0.000000 0 0 1 2136
DNMT3B 0.000000 0 0 1 4630
ZWINT 0.000000 0 0 3 2853
CBX5 0.000000 0 0 0 11904
DNMT3A 2.655691 0 1 11 5935
TRIM33 0.000000 0 0 0 8339
SUMO2 0.000000 0 0 0 1066
TP53 0.000000 0 0 2 3565
CBX1 0.000000 0 0 0 2676
ZNF74 0.000000 0 0 0 4360
CHD3 2.436986 0 1 1 7604
NCOR1 2.128763 0 1 0 10976
RUVBL2 0.000000 0 0 1 1488
ZNF197 0.000000 0 0 9 6797
TRIM24 0.000000 0 0 0 4171
CBX3 0.000000 0 0 1 2453
MIS12 0.000000 0 0 2 2893
MDM2 2.452195 0 1 0 7472
SMARCAD1 0.000000 0 0 0 6025
PARP1 0.000000 0 0 2 3985
PPP4C 0.000000 0 0 1 1331
SIRT1 0.000000 0 0 0 4313
MCM10 0.000000 0 0 6 4688
MCM7 0.000000 0 0 0 3747
CCND2 0.000000 0 0 0 6522
CDK6 0.000000 0 0 0 11762
SPAG5 0.000000 0 0 3 3808
CDC2 0.000000 0 0 0 3300
ILF3 0.000000 0 0 2 8508
YY1 0.000000 0 0 0 2592
ILF2 0.000000 0 0 1 1612
EP300 0.000000 0 0 0 8761
PRKDC 0.000000 0 0 4 13508
RAD50 0.000000 0 0 11 6597
MAN2B1 0.000000 0 0 4 3304
SMAD9 0.000000 0 0 2 5592
C11orf49 0.000000 0 0 5 3922
UBQLN4 0.000000 0 0 0 3507
PSMA1 0.000000 0 0 1 2146
STMN1 0.000000 0 0 0 3602
CSNK2A1 0.000000 0 0 0 2836
AURKB 0.000000 0 0 3 1297
TGFBR1 0.000000 0 0 1 6474
NDC80 0.000000 0 0 4 2172
PPP1CC 0.000000 0 0 0 2969
BMPR2 0.000000 0 0 0 12070
ACTR8 0.000000 0 0 5 3628
BMPR1A 0.000000 0 0 0 3616
XIAP 0.000000 0 0 0 8545
YWHAZ 0.000000 0 0 0 3749
CSNK1A1 0.000000 0 0 0 3149
RAF1 0.000000 0 0 2 3275
XRCC6 0.000000 0 0 1 2133
MAPK8 0.000000 0 0 0 1746
YWHAQ 0.000000 0 0 0 2166
AKT1 0.000000 0 0 0 3332
ACTB 0.000000 0 0 0 1812
RPA1 0.000000 0 0 1 4345
ATRIP 0.000000 0 0 0 2509
CDKN1B 0.000000 0 0 0 2413
MCM3 0.000000 0 0 4 3111
CDC7 0.000000 0 0 2 3559
ORC2L 0.000000 0 0 0 3300
MCM4 0.000000 0 0 1 5811
C10orf119 0.000000 0 0 0 3300
MCM2 0.000000 0 0 0 3434
RBM8A 0.000000 0 0 0 4959
MCM8 0.000000 0 0 6 4268
MCM6 0.000000 0 0 0 3751
CDC6 0.000000 0 0 3 3053
RBL2 2.831896 0 1 2 4886
ORC1L 0.000000 0 0 0 3300
CDC45L 0.000000 0 0 0 3300
C6orf167 0.000000 0 0 0 3300
RBL1 0.000000 0 0 2 4563
PLK1 0.000000 0 0 0 2169
CDT1 0.000000 0 0 1 2675
SSRP1 0.000000 0 0 0 2819
ASF1A 0.000000 0 0 0 2508
MCM5 0.000000 0 0 1 2546
DBF4 0.000000 0 0 1 3907
ORC6L 0.000000 0 0 0 3300
SMC1A 0.000000 0 0 0 9725
MNAT1 0.000000 0 0 1 1383
ARID3A 0.000000 0 0 0 2810
PML 0.000000 0 0 1 9778
CHRAC1 0.000000 0 0 0 2548
SMARCA5 0.000000 0 0 0 7926
CENPJ 0.000000 0 0 0 5232
CREBBP 0.000000 0 0 2 10196
REV3L 0.000000 0 0 1 10701
HDAC4 0.000000 0 0 0 8976
YES1 0.000000 0 0 1 4685
KHDRBS1 0.000000 0 0 0 2685
FYN 0.000000 0 0 0 3876
CTNND1 0.000000 0 0 0 7122
TBL3 0.000000 0 0 2 2594
DHX30 0.000000 0 0 1 4116
SF1 2.687897 0 1 1 5726
TCERG1 0.000000 0 0 2 4201
HNRNPK 0.000000 0 0 0 4393
PRPF40A 0.000000 0 0 2 7528
WWP2 0.000000 0 0 2 6637
BICD2 0.000000 0 0 3 8726
GSK3B 0.000000 0 0 0 7118
DYNC1H1 1.920119 0 1 2 14340
SOX6 0.000000 0 0 1 9789
HDAC1 0.000000 0 0 1 2091
CTBP2 0.000000 0 0 3 5460
DNAJA1 0.000000 0 0 2 1538
HSPA8 0.000000 0 0 1 2719
BRD8 0.000000 0 0 5 4670
DMAP1 0.000000 0 0 0 2101
C1orf149 0.000000 0 0 0 3300
ING3 0.000000 0 0 1 3025
EPC2 0.000000 0 0 2 3641
VPS72 0.000000 0 0 0 1324
ACTL6A 0.000000 0 0 0 2158
HSPA4 3.172752 0 1 0 3385
EPC1 0.000000 0 0 1 2913
YEATS4 0.000000 0 0 2 1385
RUVBL1 3.794076 0 1 0 1768
TRRAP 2.002439 0 1 0 12873
KAT5 0.000000 0 0 0 2677
ING1 0.000000 0 0 0 4417
EPRS 0.000000 0 0 3 5015
ARL4D 0.000000 0 0 0 1585
GAR1 0.000000 0 0 0 1303
DKC1 0.000000 0 0 0 2666
BAZ2A 0.000000 0 0 0 8934
BAZ1B 0.000000 0 0 0 6115
CCT3 0.000000 0 0 0 2382
PSMA2 0.000000 0 0 0 1464
CHEK2 0.000000 0 0 10 2101
E2F1 0.000000 0 0 0 2700
KPNA2 0.000000 0 0 0 1980
XRCC1 0.000000 0 0 7 2102
MSH2 0.000000 0 0 0 3361
BRCA1 0.000000 0 0 9 7990
BRCA2 4.700897 0 2 19 11386
CDC25A 0.000000 0 0 1 3706
MDC1 0.000000 0 0 4 58944
ATM 0.000000 0 0 12 13147
CDC25C 0.000000 0 0 3 2115
SRGAP3 2.299180 0 1 0 8932
SMARCC2 3.761119 1 0 1 5831
CLTA 0.000000 0 0 0 1691
DNAJA3 0.000000 0 0 0 2762
DNAJB6 0.000000 0 0 0 3389
CDC5L 0.000000 0 0 1 6432
C4orf14 0.000000 0 0 0 3300
YWHAG 0.000000 0 0 0 3747
VCP 4.139522 1 0 0 3859
KIAA1967 2.970786 0 1 0 4202
ABI1 0.000000 0 0 0 3950
PPID 0.000000 0 0 4 1834
TCP1 0.000000 0 0 0 2453
UBC 0.000000 0 0 0 2584
GOT2 0.000000 0 0 0 2447
MTBP 0.000000 0 0 6 3059
TBCD 0.000000 0 0 3 4432
HEY1 0.000000 0 0 2 2389
ZNF592 0.000000 0 0 1 8179
PABPC4 0.000000 0 0 0 3276
DIAPH3 0.000000 0 0 9 5043
PPP2R5E 0.000000 0 0 0 3366
KDM6A 0.000000 0 0 0 5770
STAG1 2.781053 0 1 0 5166
TRIP12 3.674053 1 0 0 6428
XAB2 0.000000 0 0 0 2655
SF3B1 0.000000 0 0 0 4447
SECISBP2 0.000000 0 0 2 3467
BAZ1A 0.000000 0 0 3 6016
QARS 0.000000 0 0 2 2430
EIF3F 0.000000 0 0 0 1257
MCM3AP 0.000000 0 0 4 6113
ACVR1 0.000000 0 0 1 3112
UBA6 0.000000 0 0 2 6447
ARID1B 3.324983 1 0 1 9638
RFX1 0.000000 0 0 0 4377
LRP5 0.000000 0 0 0 5128
HUWE1 0.000000 0 0 1 14764
CTR9 0.000000 0 0 1 4309
CEP135 0.000000 0 0 13 5670
C10orf2 0.000000 0 0 1 3885
EVC2 0.000000 0 0 6 5130
ARNT 0.000000 0 0 0 5047
BUB3 0.000000 0 0 0 3088
CDC16 0.000000 0 0 0 2703
HDAC2 0.000000 0 0 0 6684
CDC27 0.000000 0 0 1 5723
USP7 0.000000 0 0 0 5412
PDLIM7 0.000000 0 0 0 2074
SERBP1 0.000000 0 0 0 6914
CASP6 0.000000 0 0 6 1661
ROCK1 0.000000 0 0 1 6648
RNF5 0.000000 0 0 0 7959
UBE2E3 0.000000 0 0 0 1737
SUV39H1 0.000000 0 0 0 2729
RRP8 0.000000 0 0 3 1751
RBBP4 0.000000 0 0 0 8163
SMAD5 0.000000 0 0 1 7095
HDAC9 2.108457 0 1 0 11256
HDAC3 0.000000 0 0 1 1945
RBBP7 0.000000 0 0 0 2381
CDC73 0.000000 0 0 0 5939
UHRF1 0.000000 0 0 2 4385
RFC5 0.000000 0 0 2 2668
EEF1A1 0.000000 0 0 1 3512
RFC1 0.000000 0 0 2 5009
UBE2D1 0.000000 0 0 0 2655
TOPORS 2.977206 0 1 1 4173
UBE3A 0.000000 0 0 0 5322
BRCC3 0.000000 0 0 1 2987
BIRC2 0.000000 0 0 4 3743
SIAH1 0.000000 0 0 0 4386
RNF4 0.000000 0 0 1 3674
TRIM39 0.000000 0 0 2 26635
BARD1 0.000000 0 0 1 2594
CDCA2 0.000000 0 0 3 3720
GNG4 0.000000 0 0 0 5312
MYC 0.000000 0 0 0 2366
JAK2 0.000000 0 0 2 5285
KSR1 0.000000 0 0 1 4491
MAPK7 0.000000 0 0 3 3402
GNB2 0.000000 0 0 0 1664
PAK2 0.000000 0 0 0 6139
NRAS 0.000000 0 0 0 4454
INTS10 0.000000 0 0 0 2534
COPS3 0.000000 0 0 0 1988
YWHAE 0.000000 0 0 0 1860
KRAS 0.000000 0 0 1 5421
INSR 0.000000 0 0 2 9059
BCL2 0.000000 0 0 0 7491
SRC 0.000000 0 0 0 4201
PRKAA1 0.000000 0 0 0 5130
RSU1 0.000000 0 0 3 3753
SHOC2 0.000000 0 0 0 3947
RRAS2 0.000000 0 0 1 2981
MAP3K1 3.537232 1 0 0 7511
RAP2A 0.000000 0 0 0 4358
ADCY6 0.000000 0 0 4 10085
RRAS 0.000000 0 0 1 983
TPR 0.000000 0 0 0 9706
NUP153 0.000000 0 0 0 5687
ARL4C 0.000000 0 0 0 4008
ZBTB33 0.000000 0 0 0 5534
TH1L 0.000000 0 0 0 2257
ETV6 0.000000 0 0 1 5978
ZCCHC8 0.000000 0 0 0 4178
WDR82 0.000000 0 0 0 4292
ASH2L 0.000000 0 0 2 2893
PPP1CB 0.000000 0 0 1 5198
RBBP5 0.000000 0 0 0 7277
WDR5 0.000000 0 0 0 3322
VARS 0.000000 0 0 3 26617
ZW10 0.000000 0 0 2 2948
GTF2H4 0.000000 0 0 4 10296
CUL3 3.607990 1 0 0 6927
SKP2 0.000000 0 0 1 3705
NCOA3 0.000000 0 0 0 8760
COPS2 0.000000 0 0 0 4198
RIT1 0.000000 0 0 1 3481
DCUN1D1 0.000000 0 0 0 3152
CAND1 0.000000 0 0 0 5908
BCL11A 3.351910 1 0 0 9332
MAX 0.000000 0 0 0 3004
MXI1 0.000000 0 0 1 3835
HIF1A 0.000000 0 0 3 4586
ZBTB17 0.000000 0 0 2 2914
MXD1 0.000000 0 0 0 10461
SNIP1 0.000000 0 0 1 4605
MYCN 0.000000 0 0 0 2605
MAPK14 0.000000 0 0 0 4621
ARMC6 0.000000 0 0 2 2488
MAZ 0.000000 0 0 0 2779
NBN 0.000000 0 0 5 4621
TOPBP1 0.000000 0 0 0 5346
MRE11A 0.000000 0 0 2 5329
RINT1 0.000000 0 0 5 2976
TERF2 0.000000 0 0 0 2966
DCLRE1C 0.000000 0 0 4 4107
TERF2IP 0.000000 0 0 2 2178
RAB30 0.000000 0 0 0 1602
SMAD1 0.000000 0 0 2 3117
ATF1 0.000000 0 0 0 2505
ATN1 0.000000 0 0 1 4419
CBFA2T2 0.000000 0 0 0 7917
MAP3K4 0.000000 0 0 2 5484
AXIN1 0.000000 0 0 0 3660
ZDHHC3 0.000000 0 0 0 12686
MBIP 0.000000 0 0 3 2278
RSF1 0.000000 0 0 0 5134
CREB1 0.000000 0 0 0 9779
RAD21 0.000000 0 0 0 3750
HIST1H4L 0.000000 0 0 1 364
CTNNB1 6.490647 1 1 0 5360
CECR2 0.000000 0 0 1 5636
SMC3 2.990868 0 1 0 4112
H3F3B 0.000000 0 0 0 2705
CENPA 0.000000 0 0 1 1711
HIST1H3A 0.000000 0 0 3 469
POLE3 0.000000 0 0 0 2713
CBFA2T3 0.000000 0 0 0 4553
SIN3B 0.000000 0 0 1 5138
SGOL1 0.000000 0 0 6 5061
CDKN2C 0.000000 0 0 0 3360
CDK4 0.000000 0 0 0 2002
RALA 0.000000 0 0 0 2810
WHSC1 0.000000 0 0 1 21005
SND1 3.139204 0 1 1 3508
RBPSUH 0.000000 0 0 0 3300
SNW1 0.000000 0 0 0 2125
GTF2E2 0.000000 0 0 1 1536
LMNB2 0.000000 0 0 0 4635
TMPO 0.000000 0 0 0 6993
TRDMT1 2.429494 0 1 5 7670
PNMA1 0.000000 0 0 1 2643
CDK2 0.000000 0 0 0 2293
CCNA2 0.000000 0 0 0 2798
RAD54B 0.000000 0 0 2 8477
UBE2I 0.000000 0 0 0 3503
ATG5 0.000000 0 0 0 3244
HIST1H4B 0.000000 0 0 5 357
H2AFZ 0.000000 0 0 1 947
CD3EAP 0.000000 0 0 4 3286
TAF1C 0.000000 0 0 6 4914
SP1 0.000000 0 0 0 9067
TRIP11 0.000000 0 0 7 8088
PRMT3 0.000000 0 0 7 2733
PRMT1 0.000000 0 0 0 1622
CTNNBL1 0.000000 0 0 2 1888
DHX9 2.872756 0 1 0 4673
PCBP2 0.000000 0 0 0 3299
U2AF2 0.000000 0 0 0 3218
CCAR1 0.000000 0 0 1 3858
SFRS3 0.000000 0 0 0 3300
HNRNPL 0.000000 0 0 0 2159
RBM41 0.000000 0 0 3 6529
DDX5 0.000000 0 0 1 3759
HNRNPH1 0.000000 0 0 0 2365
CIRBP 0.000000 0 0 0 4189
SYNCRIP 3.014565 1 0 1 14247
NCK2 0.000000 0 0 1 2667
RALY 0.000000 0 0 0 4773
CSK 0.000000 0 0 0 2858
PRMT2 0.000000 0 0 2 7523
HNRNPD 0.000000 0 0 0 2257
DDX1 0.000000 0 0 1 2741
CARM1 0.000000 0 0 0 2968
RBM4 0.000000 0 0 0 4230
RBM42 0.000000 0 0 0 1650
PCBP1 0.000000 0 0 0 1750
MATR3 0.000000 0 0 0 6045
YBX1 0.000000 0 0 0 1546
SNRPA 0.000000 0 0 0 1629
SFRS12 0.000000 0 0 0 3300
CNNM3 0.000000 0 0 2 4916
HNRNPA0 0.000000 0 0 0 2967
MAP2K6 0.000000 0 0 0 1869
HMGB1 0.000000 0 0 0 3426
SF3A2 0.000000 0 0 0 1650
PTBP1 0.000000 0 0 0 3338
RBM10 0.000000 0 0 0 3859
RBM9 0.000000 0 0 0 3300
ELAVL1 0.000000 0 0 0 6058
SRRT 0.000000 0 0 3 3258
DDX17 0.000000 0 0 0 5033
RBMX 0.000000 0 0 0 3525
RDX 0.000000 0 0 0 4490
SMAD2 2.121802 0 1 0 11071
CASP3 0.000000 0 0 2 2673
PPP1R12A 0.000000 0 0 2 6201
MSN 0.000000 0 0 0 3970
RCOR1 0.000000 0 0 0 5756
PHF21A 0.000000 0 0 0 7429
ZNF217 0.000000 0 0 0 5635
REST 2.453593 0 1 0 7460
ZMYM2 3.259355 1 0 2 10436
SMARCE1 0.000000 0 0 1 2421
KDM1 0.000000 0 0 0 3300
PRPF3 0.000000 0 0 0 2463
USP4 0.000000 0 0 4 4949
DVL2 0.000000 0 0 0 3016
DCTN2 0.000000 0 0 1 1717
MED26 0.000000 0 0 1 3184
MED6 0.000000 0 0 1 1344
MED1 0.000000 0 0 2 8148
MBTPS1 0.000000 0 0 1 4346
CANX 0.000000 0 0 1 5071
RNF40 0.000000 0 0 3 6118
UBE2L6 0.000000 0 0 3 1743
NCBP1 0.000000 0 0 0 5380
RNF20 0.000000 0 0 3 3940
ZNF451 1.905770 0 1 0 14618
HIST1H3B 0.000000 0 0 0 472
RNF111 0.000000 0 0 0 5537
SKIL 0.000000 0 0 0 10341
SMURF2 0.000000 0 0 0 3866
SMC4 0.000000 0 0 8 5531
CDCA5 0.000000 0 0 1 2576
EWSR1 0.000000 0 0 1 2987
CPSF6 0.000000 0 0 0 6616
DAG1 2.474280 0 1 0 7285
SCAMP3 0.000000 0 0 2 1572
RASA1 0.000000 0 0 0 4518
MECP2 3.183827 1 0 0 11457
EIF3D 0.000000 0 0 0 1949
EIF3L 0.000000 0 0 1 2091
IGF1R 0.000000 0 0 2 11242
CRKL 0.000000 0 0 2 5325
CRK 0.000000 0 0 0 3591
CBL 0.000000 0 0 5 11231
DOK4 0.000000 0 0 1 2750
PTPN1 0.000000 0 0 2 3316
IRS1 0.000000 0 0 2 8736
EID2B 0.000000 0 0 1 1865
EID2 0.000000 0 0 0 1392
MED16 0.000000 0 0 4 2924
CSNK2A2 0.000000 0 0 0 1658
TCOF1 0.000000 0 0 1 6077
NCL 0.000000 0 0 1 2717
SMURF1 0.000000 0 0 0 5839
ATF2 0.000000 0 0 0 7617
XPO6 0.000000 0 0 0 4422
RPL18 0.000000 0 0 0 641
PA2G4 0.000000 0 0 0 2626
TADA1L 0.000000 0 0 0 3300
SUPT3H 0.000000 0 0 4 2604
USP22 0.000000 0 0 0 5220
IK 0.000000 0 0 1 1935
COL4A1 0.000000 0 0 0 6532
GIT1 0.000000 0 0 1 3760
HTT 0.000000 0 0 0 13475
PSMA6 0.000000 0 0 0 1020
PSMB7 0.000000 0 0 1 984
PSMD14 0.000000 0 0 0 1717
POMP 0.000000 0 0 0 1461
PSMD6 0.000000 0 0 0 1308
PSMA5 0.000000 0 0 0 3948
PSMA4 0.000000 0 0 0 1280
PSMB5 0.000000 0 0 0 1488
COPS5 0.000000 0 0 1 1489
PSMD13 0.000000 0 0 0 1933
PSMB3 0.000000 0 0 0 754
TXNL1 0.000000 0 0 0 1429
RBX1 0.000000 0 0 0 906
PSMA7 4.366393 0 1 0 984
PSMA3 0.000000 0 0 0 1050
PSMB1 0.000000 0 0 1 917
PSMB4 0.000000 0 0 3 925
ZNF446 0.000000 0 0 1 1974
SUFU 0.000000 0 0 0 5346
UBE2R2 0.000000 0 0 0 4457
IDH1 0.000000 0 0 2 2329
ZHX1 0.000000 0 0 0 5674
NCAPH 0.000000 0 0 0 4495
PSMD4 0.000000 0 0 0 1331
PSMB2 0.000000 0 0 0 4980
PSMD5 0.000000 0 0 3 3386
PSMD11 0.000000 0 0 1 1581
PSMC4 0.000000 0 0 1 1529
PSMD7 0.000000 0 0 1 1670
PSMD2 0.000000 0 0 0 2922
PSMD3 0.000000 0 0 0 2147
PSMC1 0.000000 0 0 0 1586
PSMD10 0.000000 0 0 2 1662
PSMC2 0.000000 0 0 0 3342
PSMC6 0.000000 0 0 2 1593
PSMD1 0.000000 0 0 0 3325
UCHL5 0.000000 0 0 0 6755
GEMIN6 0.000000 0 0 3 692
STRAP 0.000000 0 0 0 1905
CUL5 2.590174 0 1 1 6387
COPS8 0.000000 0 0 0 2323
UBA3 0.000000 0 0 1 2119
TCEB3 0.000000 0 0 0 4943
SOCS6 0.000000 0 0 0 5846
PUF60 0.000000 0 0 1 2367
GPN1 0.000000 0 0 3 1969
TTC27 0.000000 0 0 5 3032
FANCA 0.000000 0 0 12 6181
IKBKB 0.000000 0 0 0 4319
FANCB 0.000000 0 0 0 3008
SMARCC1 2.683038 0 1 0 5757
FANCC 0.000000 0 0 10 5838
HES1 0.000000 0 0 1 1461
TOP3A 0.000000 0 0 5 4116
CENPE 0.000000 0 0 2 8612
FANCG 0.000000 0 0 6 2631
FANCM 0.000000 0 0 8 7128
FANCE 0.000000 0 0 2 2555
MED22 0.000000 0 0 0 4871
RABEP1 0.000000 0 0 2 5402
ABL1 0.000000 0 0 0 5963
MAGI1 0.000000 0 0 1 9508
BYSL 0.000000 0 0 1 1990
MRPL42 0.000000 0 0 0 3431
POT1 0.000000 0 0 0 4299
WRN 0.000000 0 0 9 5746
APEX1 0.000000 0 0 2 2218
RNF19A 0.000000 0 0 3 4615
CFL1 0.000000 0 0 0 1257
BIRC5 0.000000 0 0 2 2700
XPO1 0.000000 0 0 2 4830
IPO7 0.000000 0 0 1 6192
RAN 0.000000 0 0 0 1071
KPNB1 0.000000 0 0 1 4201
CSE1L 0.000000 0 0 0 3732
COIL 0.000000 0 0 3 2633
PSME3 0.000000 0 0 1 3281
PIAS4 0.000000 0 0 0 1737
CEP55 0.000000 0 0 2 2808
PPP1R15A 0.000000 0 0 4 2383
SMARCB1 0.000000 0 0 0 1815
C16orf48 0.000000 0 0 0 1538
CCNG1 0.000000 0 0 0 2602
PPP2CA 0.000000 0 0 1 2643
PPP2R3A 0.000000 0 0 5 7281
EDEM1 0.000000 0 0 5 6153
MYBBP1A 2.779118 0 1 17 5177
POLR1A 0.000000 0 0 3 6637
HSF2 0.000000 0 0 1 2973
PPP2R1A 0.000000 0 0 0 2509
GMPS 0.000000 0 0 0 2456
TOP2A 0.000000 0 0 4 5753
OS9 0.000000 0 0 7 3090
EIF6 0.000000 0 0 1 1724
EGLN1 0.000000 0 0 0 7097
RPN1 0.000000 0 0 1 2341
XPO5 2.746893 0 1 0 5364
NUP214 0.000000 0 0 2 6601
SCAP 0.000000 0 0 1 4255
INSIG1 0.000000 0 0 0 3189
ANAPC5 0.000000 0 0 7 2875
IKBKAP 2.629098 0 1 5 6114
CHUK 0.000000 0 0 1 3524
PLEKHB1 0.000000 0 0 4 2968
RAD51L1 0.000000 0 0 0 3300
AP1M1 0.000000 0 0 0 2391
MAD2L1BP 0.000000 0 0 0 1629
DERL1 0.000000 0 0 2 3212
SEL1L 0.000000 0 0 3 8636
NCUBE1 0.000000 0 0 0 3300
FAF2 0.000000 0 0 0 4515
PSMD8 0.000000 0 0 1 1539
PSMC3 0.000000 0 0 1 1580
MDM4 0.000000 0 0 1 18932
CBLB 0.000000 0 0 3 3976
PRKCI 0.000000 0 0 3 4884
KLHL8 0.000000 0 0 2 4576
FBXL12 0.000000 0 0 0 1852
CUL1 0.000000 0 0 0 3209
DPH1 0.000000 0 0 7 2195
PIM1 0.000000 0 0 1 2709
NUMA1 0.000000 0 0 2 7182
TFAP2C 0.000000 0 0 0 2865
KDM2B 0.000000 0 0 1 6941
BCOR 0.000000 0 0 2 6989
TANK 0.000000 0 0 0 3284
SFRS2 0.000000 0 0 0 3300
RPS6KB1 0.000000 0 0 0 5318
TRO 0.000000 0 0 1 5053
CHD4 0.000000 0 0 3 6497
MTA2 0.000000 0 0 1 3069
TRIM27 0.000000 0 0 0 18752
GATAD2B 3.541292 1 0 2 7476
IKZF4 0.000000 0 0 0 5451
XRN1 0.000000 0 0 1 10092
SAP30 0.000000 0 0 2 1109
MTA1 0.000000 0 0 0 2945
UBTF 2.746049 0 1 0 5369
GATAD2A 0.000000 0 0 1 5672
MCPH1 0.000000 0 0 9 6181
PRKAR2A 0.000000 0 0 0 2381
RUNX1T1 0.000000 0 0 0 9520
FBXW11 0.000000 0 0 0 4638
NRD1 0.000000 0 0 2 4082
OGT 0.000000 0 0 0 5633
IFNAR1 0.000000 0 0 4 6094
CLPX 0.000000 0 0 2 2351
HIVEP1 0.000000 0 0 2 8874
USP47 0.000000 0 0 0 7777
TUBGCP3 0.000000 0 0 2 3890
FAF1 0.000000 0 0 0 2583
BTRC 0.000000 0 0 3 6164
PCGF2 0.000000 0 0 1 2604
GDI1 0.000000 0 0 0 2481
ASXL1 0.000000 0 0 8 7425
H3F3A 0.000000 0 0 0 1062
SUPT16H 2.870596 0 1 0 4684
CHD1 2.580495 0 1 0 6457
KDM4A 0.000000 0 0 2 4509
TRAF4 0.000000 0 0 0 2902
TRAF6 0.000000 0 0 0 8021
ACAT2 0.000000 0 0 2 1551
SH3GLB1 0.000000 0 0 1 6527
CEBPZ 0.000000 0 0 5 3327
MLLT10 0.000000 0 0 3 6306
MORF4L1 0.000000 0 0 0 1942
PFDN1 0.000000 0 0 1 1324
MAPRE1 0.000000 0 0 0 2623
ADNP 3.954492 1 0 1 4713
SNRPB 0.000000 0 0 0 1312
STAM2 0.000000 0 0 3 5701
UBXN7 0.000000 0 0 1 4732
HNRNPC 0.000000 0 0 2 3327
HNRNPH3 0.000000 0 0 1 2552
SNRPC 0.000000 0 0 0 1217
LDHA 0.000000 0 0 2 3628
LSM5 0.000000 0 0 0 3386
TNPO1 0.000000 0 0 0 8708
CSDE1 4.036210 1 0 0 4313
HNRNPU 0.000000 0 0 0 7698
IGF2BP2 0.000000 0 0 0 3671
PTBP2 0.000000 0 0 0 3486
SF3B4 0.000000 0 0 0 1993
HNRNPF 3.119619 0 1 0 3582
PAIP1 0.000000 0 0 0 3150
PAPOLA 0.000000 0 0 0 11733
NUDT21 0.000000 0 0 0 4407
CPSF1 0.000000 0 0 4 4494
CPSF3 0.000000 0 0 3 2171
ANAPC1 0.000000 0 0 1 7736
KPNA3 0.000000 0 0 0 4474
TOP2B 0.000000 0 0 0 5189
PKN2 0.000000 0 0 0 6104
NXT1 0.000000 0 0 0 1117
EIF4EBP1 0.000000 0 0 0 859
HIF1AN 0.000000 0 0 3 6912
TCF12 0.000000 0 0 0 5007
SP3 0.000000 0 0 0 6932
SUMO1 0.000000 0 0 0 2220
GABPA 0.000000 0 0 0 5304
PIAS1 3.548672 0 1 0 2280
AIMP2 0.000000 0 0 5 1219
UBE2L3 0.000000 0 0 0 3989
NEDD4L 0.000000 0 0 0 9889
DCAF5 2.648174 0 1 1 5985
CUL4A 0.000000 0 0 0 3884
FUS 0.000000 0 0 0 5437
TARDBP 0.000000 0 0 0 4217
LLGL1 2.965948 0 1 0 4224
PARD3 0.000000 0 0 4 6388
SKI 0.000000 0 0 0 5707
MAP1S 0.000000 0 0 1 3276
TP53BP1 0.000000 0 0 2 6566
ATRX 0.000000 0 0 1 11184
RANBP2 0.000000 0 0 1 11711
BCORL1 2.493452 0 1 2 7127
ANKRD11 0.000000 0 0 0 10350
SRF 0.000000 0 0 0 4318
DBN1 0.000000 0 0 1 3316
NIPBL 0.000000 0 0 0 11871
LIN54 0.000000 0 0 0 6276
TFDP2 0.000000 0 0 0 10285
LIN9 0.000000 0 0 1 3328
TFDP1 0.000000 0 0 0 2761
PIAS2 0.000000 0 0 1 7164
GTF2I 0.000000 0 0 0 4586
MBD1 0.000000 0 0 0 7477
EIF4G2 0.000000 0 0 3 4359
DLEU1 0.000000 0 0 0 874
H2AFY 0.000000 0 0 0 2262
ERBB2 0.000000 0 0 1 5127
ZFAND5 0.000000 0 0 0 6025
PHC1 0.000000 0 0 1 5176
TNPO3 0.000000 0 0 0 4573
KLF3 0.000000 0 0 0 5615
CXXC1 0.000000 0 0 1 3074
MFAP1 0.000000 0 0 0 2063
CDC37L1 0.000000 0 0 0 1698
APTX 0.000000 0 0 1 3894
TADA2L 0.000000 0 0 0 3300
YEATS2 0.000000 0 0 3 6506
ATXN7 0.000000 0 0 0 7524
CENPH 0.000000 0 0 2 1389
SNRPE 0.000000 0 0 0 1547
TTC17 0.000000 0 0 0 4525
NCK1 0.000000 0 0 1 2057
TUFM 0.000000 0 0 2 2071
CTBP1 0.000000 0 0 0 2483
RNF41 0.000000 0 0 0 5741
RNF25 0.000000 0 0 0 1561
TKT 0.000000 0 0 1 3591
MAP2K2 0.000000 0 0 0 1733
EIF3I 0.000000 0 0 0 1458
DLSTP 0.000000 0 0 0 3300
ATP5A1 0.000000 0 0 0 2905
USP19 0.000000 0 0 0 5672
SENP3 0.000000 0 0 0 2494
MKRN1 0.000000 0 0 1 3835
CS 0.000000 0 0 1 2976
RNF8 0.000000 0 0 0 6472
ATP5B 0.000000 0 0 1 1843
UQCRC2 0.000000 0 0 0 1674
TRIM32 0.000000 0 0 2 7355
PSMF1 0.000000 0 0 1 3992
CAPN1 0.000000 0 0 3 3408
ATF4 0.000000 0 0 2 2528
UBA1 0.000000 0 0 0 3750
USP5 0.000000 0 0 0 3477
CCT7 0.000000 0 0 1 2116
HM13 0.000000 0 0 0 3561
TRAP1 0.000000 0 0 9 2296
HSP90AB1 0.000000 0 0 0 2538
VPS4A 3.593547 0 1 0 2176
HTRA2 0.000000 0 0 2 2550
ADRM1 0.000000 0 0 0 1480
HARS 0.000000 0 0 4 2371
C22orf28 0.000000 0 0 0 2066
GNAS 2.616054 0 1 1 6204
RPL4 0.000000 0 0 0 1441
RB1CC1 0.000000 0 0 0 6795
PTK2 0.000000 0 0 1 4710
EIF3M 0.000000 0 0 0 1338
P4HB 0.000000 0 0 0 2578
UBQLN1 0.000000 0 0 0 4168
GPN3 0.000000 0 0 2 1893
LMNB1 0.000000 0 0 2 3495
CDC25B 0.000000 0 0 2 3760
KIF20B 2.600961 0 1 15 6310
MKI67 2.025647 0 1 10 12495
TK1 0.000000 0 0 1 1595
INCENP 2.983227 0 1 0 4146
NPM1 0.000000 0 0 0 1780
CHAF1B 0.000000 0 0 2 2279
RACGAP1P 0.000000 0 0 0 2794
POLA1 0.000000 0 0 2 5439
BUB1 0.000000 0 0 6 3502
RCC1 0.000000 0 0 0 3150
NCAPD2 2.847011 0 1 7 4806
PTTG1 0.000000 0 0 1 712
HIST1H1A 0.000000 0 0 4 781
DLGAP5 0.000000 0 0 12 3084
CCNB1 0.000000 0 0 0 2167
PKMYT1 0.000000 0 0 1 2287
DUT 0.000000 0 0 0 2441
FOXM1 0.000000 0 0 1 3868
NDE1 0.000000 0 0 2 4003
CKS1B 0.000000 0 0 0 1087
CDKN3 0.000000 0 0 2 910
CCNF 0.000000 0 0 2 4287
PBK 0.000000 0 0 1 1854
CCNB2 0.000000 0 0 1 1549
WEE1 0.000000 0 0 0 4047
KIF11 0.000000 0 0 1 5078
RRM2 0.000000 0 0 0 3596
CKS2 0.000000 0 0 0 613
EZH2 0.000000 0 0 0 3302
ECT2 0.000000 0 0 4 4500
NCAPG 0.000000 0 0 3 4663
CTDP1 0.000000 0 0 2 3841
HIST1H4I 0.000000 0 0 4 370
UCP2 0.000000 0 0 4 1646
GADD45G 0.000000 0 0 0 1065
C1orf103 0.000000 0 0 0 3300
STX5 0.000000 0 0 1 2641
MAP3K7 0.000000 0 0 1 3275
SPAG9 0.000000 0 0 0 8793
GRB2 0.000000 0 0 0 3524
TFCP2 0.000000 0 0 3 5235
MAPKAPK5 0.000000 0 0 0 2160
GMFB 0.000000 0 0 2 4125
AIMP1 0.000000 0 0 3 3260
MAP3K7IP1 0.000000 0 0 0 3300
MARS 0.000000 0 0 9 2915
ZFYVE20 0.000000 0 0 2 6678
FAM48A 0.000000 0 0 0 3310
MYEF2 0.000000 0 0 1 5403
RPS6KA5 0.000000 0 0 0 4484
ZDHHC17 0.000000 0 0 0 4771
TAF5L 0.000000 0 0 0 6840
CCDC101 0.000000 0 0 1 1151
PSMD12 0.000000 0 0 1 1797
USP14 0.000000 0 0 0 4156
TICAM2 0.000000 0 0 6 3057
NOP2 0.000000 0 0 0 3331
AC005393.1 0.000000 0 0 0 3300
CBY1 0.000000 0 0 0 1271
CNOT3 4.412771 1 0 0 2887
CTCF 0.000000 0 0 1 3941
FRS2 0.000000 0 0 0 6925
HMMR 0.000000 0 0 12 3188
SHB 0.000000 0 0 0 6021
KPNA6 0.000000 0 0 1 7372
MCL1 0.000000 0 0 0 4522
USP9X 0.000000 0 0 0 12614
BCL10 0.000000 0 0 1 3104
AIFM1 0.000000 0 0 0 3564
PTEN 2.716536 0 1 0 5547
MAP3K7IP2 0.000000 0 0 0 3300
CASP2 0.000000 0 0 0 4482
UBE2D3 0.000000 0 0 0 4316
GSPT1 0.000000 0 0 0 7999
BAT4 0.000000 0 0 0 3300
SAFB2 0.000000 0 0 0 3318
SFRS9 0.000000 0 0 0 3300
SRPK1 0.000000 0 0 0 4509
AKT3 0.000000 0 0 0 7459
F2R 0.000000 0 0 0 3810
SPC25 0.000000 0 0 0 1346
GNL3 0.000000 0 0 4 2461
NOP56 0.000000 0 0 0 2294
TERF1 0.000000 0 0 1 2960
ASCC2 0.000000 0 0 3 2884
RBP1 0.000000 0 0 1 1954
ZNF652 0.000000 0 0 2 11553
ARRB2 0.000000 0 0 2 2361
AP1B1 0.000000 0 0 3 4264
MED8 0.000000 0 0 0 1868
CYTH2 0.000000 0 0 2 4796
AP2M1 0.000000 0 0 0 2076
MAML1 0.000000 0 0 0 5723
E2F3 0.000000 0 0 1 5241
MYBL2 0.000000 0 0 0 2713
CDC20 0.000000 0 0 3 1674
ITGB3BP 0.000000 0 0 3 1176
IPO9 0.000000 0 0 1 11416
DNA2 0.000000 0 0 4 4267
EPHB2 3.912519 1 0 0 4934
CSRP2 0.000000 0 0 2 901
CHERP 0.000000 0 0 0 4095
NIN 0.000000 0 0 7 11051
TOP1 3.080960 0 1 1 3733
MLH1 3.255432 0 1 2 3101
PIP5K1A 0.000000 0 0 1 3839
APAF1 2.466768 0 1 6 7348
EIF4B 0.000000 0 0 0 4028
PANX1 0.000000 0 0 1 2768
THAP11 0.000000 0 0 0 1886
NMT2 0.000000 0 0 0 5004
PARG 0.000000 0 0 1 4253
PSIP1 0.000000 0 0 4 4347
CDC42 0.000000 0 0 0 3155
EIF3J 0.000000 0 0 0 2558
DEDD 0.000000 0 0 0 2436
SRP72 0.000000 0 0 4 3876
HSPD1 0.000000 0 0 0 2436
EIF2S1 0.000000 0 0 0 4165
PICALM 0.000000 0 0 0 4466
PKN1 0.000000 0 0 3 3136
PTMA 0.000000 0 0 0 1301
RIPK1 0.000000 0 0 0 3864
NFKB1 0.000000 0 0 0 4123
GRINL1A 3.964483 1 0 0 4662
SFPQ 3.264014 0 1 0 3073
HNRNPA2B1 0.000000 0 0 0 3702
ASCC3 0.000000 0 0 13 10492
NUF2 0.000000 0 0 6 2123
C18orf24 0.000000 0 0 0 3300
AURKA 0.000000 0 0 0 2817
NSL1 0.000000 0 0 0 13220
MAD2L1 0.000000 0 0 0 1436
SPC24 0.000000 0 0 1 654
NEK2 0.000000 0 0 5 3400
TYMS 0.000000 0 0 0 1583
UTP23 0.000000 0 0 1 3691
SS18L1 0.000000 0 0 1 4548
PLAA 0.000000 0 0 3 4954
MAPT 0.000000 0 0 1 13627
BRMS1 0.000000 0 0 3 1912
LCOR 0.000000 0 0 0 17436
TUBA1A 13.290338 1 2 0 1665
PRKD3 0.000000 0 0 0 5902
BRF2 0.000000 0 0 6 2000
CNOT4 2.722092 0 1 0 5513
N4BP2 0.000000 0 0 8 9666
TCEB1 0.000000 0 0 0 2512
HIPK3 0.000000 0 0 6 4743
ZRANB1 0.000000 0 0 0 4942
MEX3B 0.000000 0 0 0 3398
TTRAP 0.000000 0 0 0 3300
TRAF7 3.097648 0 1 1 3667
JAM3 0.000000 0 0 2 3668
PSMB6 0.000000 0 0 1 826
YTHDC1 0.000000 0 0 1 12498
ELP3 0.000000 0 0 2 3219
PRPF31 0.000000 0 0 0 2183
STAG2 0.000000 0 0 2 6420
PDS5A 0.000000 0 0 0 7734
WAPAL 0.000000 0 0 2 6302
PDS5B 0.000000 0 0 1 7498
RPL28 0.000000 0 0 2 9797
GNA13 0.000000 0 0 0 6311
INSIG2 0.000000 0 0 0 2583
AMFR 0.000000 0 0 2 3600
RRN3 0.000000 0 0 1 3746
TAF1A 0.000000 0 0 6 2431
TAF1B 0.000000 0 0 6 2299
POLR1B 0.000000 0 0 3 5409
HECW1 0.000000 0 0 1 6839
CRNKL1 0.000000 0 0 4 4406
NPAT 0.000000 0 0 3 5936
HINFP 0.000000 0 0 1 3389
PIK3R2 3.031072 0 1 0 3938
GGA1 0.000000 0 0 0 4996
SF3B3 0.000000 0 0 2 9720
CHD8 11.908280 3 0 0 8383
SUZ12 0.000000 0 0 0 4477
TCF4 4.745681 0 2 0 11107
HBP1 0.000000 0 0 1 2896
PEX26 0.000000 0 0 2 4696
MED13 0.000000 0 0 1 10465
FBXW2 0.000000 0 0 0 9186
DCLRE1A 0.000000 0 0 8 4468
GOSR2 0.000000 0 0 1 6049
DDB1 2.941304 0 1 0 4338
FBXW8 0.000000 0 0 9 5057
TCF3 3.610915 1 0 0 6904
SUV420H2 0.000000 0 0 0 2309
RBBP9 0.000000 0 0 3 3857
BRF1 0.000000 0 0 1 5501
E2F5 0.000000 0 0 2 1901
LIN52 0.000000 0 0 0 1798
ZNF250 0.000000 0 0 0 6491
NFRKB 0.000000 0 0 2 5484
INO80D 0.000000 0 0 1 14136
INO80 0.000000 0 0 1 6226
ACTR5 0.000000 0 0 2 2479
MED21 0.000000 0 0 0 1753
PJA1 0.000000 0 0 0 7448
GSR 0.000000 0 0 2 3160
NDN 0.000000 0 0 1 1897
MAGED1 0.000000 0 0 1 2971
ZNF440 0.000000 0 0 7 4181
UBE2D2 0.000000 0 0 0 2866
NFKBIL2 0.000000 0 0 0 3300
HIST2H2AC 0.000000 0 0 0 437
ROBO2 0.000000 0 0 0 9017
EXOSC10 0.000000 0 0 4 2807
CUL2 0.000000 0 0 1 4829
PTPN12 0.000000 0 0 1 3297
KLF8 0.000000 0 0 0 5914
WIZ 0.000000 0 0 0 4168
EHMT1 0.000000 0 0 0 5395
KLHL12 0.000000 0 0 0 3338
SHMT2 0.000000 0 0 1 3133
XRCC5 0.000000 0 0 0 3430
ORC3L 0.000000 0 0 0 3300
EPB41 0.000000 0 0 1 6927
TNKS 2.238795 0 1 1 9599
NCOA6 0.000000 0 0 1 7062
NUP107 0.000000 0 0 3 3124
PRKRA 0.000000 0 0 0 2409
UFD1L 0.000000 0 0 0 1812
RFC3 0.000000 0 0 1 2865
HERC1 1.877031 0 1 2 15197
SMCR7 0.000000 0 0 0 4643
DDX20 3.138669 0 1 4 3510
USP28 0.000000 0 0 4 4632
RAD51 0.000000 0 0 0 2562
UIMC1 3.254517 0 1 1 3104
FANCD2 0.000000 0 0 17 6043
COPS4 0.000000 0 0 1 1748
COPS6 0.000000 0 0 0 1425
COPS7B 0.000000 0 0 0 1977
GPS1 3.373602 0 1 0 2738
CCNT1 2.122312 0 1 0 11064
ANAPC4 0.000000 0 0 0 2672
MTOR 0.000000 0 0 2 8725
KIAA0406 0.000000 0 0 0 3300
PSEN1 2.614044 0 1 0 6218
CTNNA1 0.000000 0 0 2 3761
RAB35 0.000000 0 0 0 2945
C2orf44 0.000000 0 0 3 3894
PPP2R2D 0.000000 0 0 1 2014
E2F6 0.000000 0 0 0 3444
PRPF4 0.000000 0 0 0 3102
GTF2B 0.000000 0 0 1 1645
DNAJB11 0.000000 0 0 1 1689
ATXN3 0.000000 0 0 0 7287
GRPEL2 0.000000 0 0 1 4105
BAG5 0.000000 0 0 4 5473
RBM14 0.000000 0 0 0 5518
ERCC6 0.000000 0 0 9 7006
RELA 0.000000 0 0 0 4995
LIG3 0.000000 0 0 3 3900
BUB1B 0.000000 0 0 3 3742
RARA 0.000000 0 0 0 4361
CDK8 0.000000 0 0 1 1769
NRF1 0.000000 0 0 0 3853
RNPS1 0.000000 0 0 0 2453
FOXO3 0.000000 0 0 1 8278
FANCI 0.000000 0 0 10 4749
CLK2 0.000000 0 0 0 2137
EXO1 0.000000 0 0 9 3935
RAD17 0.000000 0 0 2 4468
AATF 0.000000 0 0 8 2141
BLM 0.000000 0 0 9 4528
XPC 0.000000 0 0 6 3846
BMI1 0.000000 0 0 0 3430
CHEK1 0.000000 0 0 1 5240
TDP1 0.000000 0 0 4 3747
MRFAP1L1 0.000000 0 0 0 1591
G6PD 0.000000 0 0 0 2500
FBXO42 0.000000 0 0 1 2976
NACA 3.143497 0 1 3 3492
ZMYND11 3.774948 1 0 0 5742
C11orf30 0.000000 0 0 1 5511
EP400 2.036889 0 1 2 12317
RPAP3 0.000000 0 0 2 3687
UBE2N 0.000000 0 0 0 2552
FKBP4 0.000000 0 0 1 3741
TOMM70A 0.000000 0 0 0 4381
FNIP1 0.000000 0 0 3 6614
AHSA1 0.000000 0 0 0 1400
CHORDC1 0.000000 0 0 1 3385
SUGT1 0.000000 0 0 1 1786
ST13 0.000000 0 0 1 3194
PRPF38A 0.000000 0 0 0 2772
TRA2B 0.000000 0 0 0 4288
SIP1 0.000000 0 0 0 3300
RPL24 0.000000 0 0 0 562
TGIF1 0.000000 0 0 7 3419
PLAGL1 0.000000 0 0 0 3909
SMARCD1 0.000000 0 0 0 3429
ARID2 0.000000 0 0 0 8466
ARID1A 0.000000 0 0 2 8826
PBRM1 2.440415 0 1 0 7574
DPF2 0.000000 0 0 2 2530
POLE 0.000000 0 0 11 7840
UBR5 0.000000 0 0 0 10883
ZBTB6 0.000000 0 0 1 4104
AVEN 0.000000 0 0 2 1531
CLSPN 0.000000 0 0 3 8484
SETD8 0.000000 0 0 0 2751
E2F2 0.000000 0 0 1 5193
DTL 0.000000 0 0 3 4412
DHX8 0.000000 0 0 4 4200
POLR1C 0.000000 0 0 0 1320
POLR1E 0.000000 0 0 3 1854
PDCD7 0.000000 0 0 1 2851
DVL3 0.000000 0 0 0 5062
PSMB8 0.000000 0 0 1 14322
FBXO30 0.000000 0 0 0 4407
JUB 0.000000 0 0 0 3300
SEC22A 0.000000 0 0 1 3416
BAT3 0.000000 0 0 0 3300
SCFD1 0.000000 0 0 0 2376
IMMT 0.000000 0 0 0 3199
NSFL1C 0.000000 0 0 1 3886
YKT6 0.000000 0 0 0 2766
COG4 0.000000 0 0 3 2822
SF3B2 0.000000 0 0 0 2894
NCOA1 0.000000 0 0 1 9429
TAF7 0.000000 0 0 1 2295
ZRANB2 0.000000 0 0 1 3145
HDAC5 0.000000 0 0 3 5399
EED 0.000000 0 0 0 2836
HCFC1 0.000000 0 0 0 8426
ATF6 0.000000 0 0 1 7546
DLL1 4.283413 1 0 0 3310
RYBP 0.000000 0 0 0 4449
GNB2L1 0.000000 0 0 0 1109
GPS2 0.000000 0 0 1 1157
CDC2L6 0.000000 0 0 0 3300
USP11 0.000000 0 0 1 3290
RANBP9 0.000000 0 0 0 3113
SPOP 0.000000 0 0 0 3141
DAXX 0.000000 0 0 0 15309
PHF17 0.000000 0 0 0 8700
RAI14 0.000000 0 0 1 5856
LUC7L 0.000000 0 0 1 2615
PABPN1 0.000000 0 0 0 3102
ZNF830 0.000000 0 0 1 1657
SART1 0.000000 0 0 0 3601
PRPF8 0.000000 0 0 4 7295
PLRG1 0.000000 0 0 1 3385
DDX23 0.000000 0 0 1 3267
CIR1 0.000000 0 0 1 1793
CKAP5 0.000000 0 0 0 6714
EFTUD2 0.000000 0 0 0 4167
PPIL1 0.000000 0 0 1 1736
RFXAP 0.000000 0 0 0 2825
REC8 0.000000 0 0 4 2814
MSH6 2.943438 0 1 6 4328
C19orf2 0.000000 0 0 0 3300
INO80E 0.000000 0 0 1 1185
RFWD2 0.000000 0 0 1 2839
GTF2IRD1 3.078708 0 1 0 3742
TBL1XR1 2.567816 0 1 0 6550
NR2C1 0.000000 0 0 3 4754
CCT5 0.000000 0 0 0 3403
NR2C2 0.000000 0 0 3 8330
PPP4R1 0.000000 0 0 0 4051
HDAC7 0.000000 0 0 0 4288
INSM1 0.000000 0 0 0 2828
PHB2 0.000000 0 0 1 2116
NUP37 0.000000 0 0 2 1205
NUP62 0.000000 0 0 0 4240
LRIG1 0.000000 0 0 6 4762
UNG 0.000000 0 0 1 2573
EIF3E 0.000000 0 0 2 1508
SMARCA1 0.000000 0 0 1 4086
APBB1 0.000000 0 0 0 4871
UBE2T 0.000000 0 0 2 908
EIF3H 0.000000 0 0 1 1275
DPF1 0.000000 0 0 1 2713
CLCN5 0.000000 0 0 0 10385
KPNA1 0.000000 0 0 0 7012
MYD88 0.000000 0 0 0 3054
ZNF675 0.000000 0 0 7 2209
MAP3K7IP3 0.000000 0 0 0 3300
MALT1 0.000000 0 0 3 5029
PELI1 0.000000 0 0 1 3767
TRAFD1 0.000000 0 0 1 3253
MAP3K3 0.000000 0 0 0 4826
MAST2 0.000000 0 0 3 5738
IPO8 0.000000 0 0 2 5690
SALL1 0.000000 0 0 0 5360
APPL2 0.000000 0 0 10 3622
C1QBP 0.000000 0 0 3 1163
INO80B 0.000000 0 0 1 1261
EHMT2 0.000000 0 0 1 26897
MBD2 0.000000 0 0 0 5611
EIF2B5 0.000000 0 0 1 2898
ZNF646 0.000000 0 0 1 6208
ZBED1 0.000000 0 0 0 18190
MAPK1IP1L 0.000000 0 0 0 6469
BLMH 0.000000 0 0 3 2537
GMEB1 0.000000 0 0 0 2932
UBA2 0.000000 0 0 0 2665
C18orf25 0.000000 0 0 1 5465
TDG 0.000000 0 0 3 3244
SOX4 0.000000 0 0 0 4878
SAE1 0.000000 0 0 0 2789
CHMP1A 0.000000 0 0 0 2656
SREBF2 2.948150 0 1 0 4306
GTF3C2 0.000000 0 0 1 3920
GTF3C1 2.495913 0 1 0 7107
POLR3C 0.000000 0 0 5 1851
GTF3C4 0.000000 0 0 0 3865
GTF3C5 0.000000 0 0 3 2441
GTF3C3 0.000000 0 0 5 4923
HIST1H4D 0.000000 0 0 2 367
TAX1BP1 0.000000 0 0 3 3714
RPLP1 0.000000 0 0 0 512
TSG101 0.000000 0 0 0 1548
NUP88 0.000000 0 0 5 2495
LGALS3 0.000000 0 0 0 2594
MLLT1 0.000000 0 0 0 4505
ATF7IP 0.000000 0 0 2 4661
HDGF 0.000000 0 0 0 2802
PIK3CA 0.000000 0 0 0 3709
PIK3R3 2.640281 0 1 5 6038
ATR 0.000000 0 0 5 8251
POLR2A 2.542796 0 1 1 6738
CDH24 0.000000 0 0 1 3553
PFN1 0.000000 0 0 0 807
TLE1 0.000000 0 0 0 3269
SVIL 3.426087 1 0 3 8547
PSMB9 0.000000 0 0 2 8377
SMNDC1 0.000000 0 0 0 2029
ACP1 0.000000 0 0 0 2139
ZBTB44 0.000000 0 0 1 9340
KHDRBS3 0.000000 0 0 3 1956
FEM1B 0.000000 0 0 0 2559
HIP1 0.000000 0 0 0 8033
IFRD1 0.000000 0 0 0 4319
TP53INP1 0.000000 0 0 3 5652
CCNE2 0.000000 0 0 0 2726
WDR33 0.000000 0 0 1 11468
HNRNPUL1 2.949870 0 1 0 4298
CDC14A 0.000000 0 0 2 5886
RFWD3 2.819629 0 1 2 4952
HMGB2 0.000000 0 0 0 1910
BANP 0.000000 0 0 0 3073
PRIM1 0.000000 0 0 0 1462
TP53BP2 0.000000 0 0 1 4789
BRD7 0.000000 0 0 1 2424
TOE1 0.000000 0 0 3 2392
RFFL 0.000000 0 0 0 4346
PPM1D 3.942120 1 0 2 4777
ZNF24 0.000000 0 0 0 6311
LIG1 0.000000 0 0 3 3083
SFRS1 0.000000 0 0 0 3300
NAP1L1 0.000000 0 0 0 8024
TP53RK 0.000000 0 0 0 3373
SERPINH1 0.000000 0 0 2 2320
CUL7 0.000000 0 0 9 6419
ERH 0.000000 0 0 0 801
PSMD9 0.000000 0 0 0 2343
LBR 0.000000 0 0 1 3973
VHL 0.000000 0 0 0 4560
WDR92 0.000000 0 0 0 3876
POLR2B 0.000000 0 0 6 3748
RPAP2 0.000000 0 0 5 3112
UBE4B 0.000000 0 0 4 5879
HMGA1 0.000000 0 0 0 2751
SRCAP 2.166821 0 1 2 10474
PELP1 0.000000 0 0 1 4980
MLL 1.808617 0 1 0 16708
CUX1 0.000000 0 0 1 15856
CDH2 0.000000 0 0 2 4367
NCOA2 0.000000 0 0 0 6157
MED25 0.000000 0 0 1 2343
CITED2 0.000000 0 0 0 2110
MYST3 0.000000 0 0 0 3300
GRIP1 0.000000 0 0 1 5060
NUP98 0.000000 0 0 2 8012
THRA 0.000000 0 0 1 4355
PIAS3 0.000000 0 0 2 2902
ZBTB2 0.000000 0 0 0 3086
EIF2B1 0.000000 0 0 3 1870
HSF1 0.000000 0 0 1 2152
TRIP4 0.000000 0 0 4 2045
TACC2 0.000000 0 0 13 10096
NFIA 3.287771 1 0 0 10081
GMEB2 0.000000 0 0 0 4210
ABCA1 0.000000 0 0 4 10502
SH3GL1 0.000000 0 0 0 2721
TGS1 0.000000 0 0 5 3692
GAK 2.901139 0 1 1 4531
TRERF1 0.000000 0 0 1 7580
VASP 0.000000 0 0 0 2290
VCL 0.000000 0 0 3 5486
SDC3 0.000000 0 0 0 5121
CASC5 0.000000 0 0 3 7685
C9orf100 0.000000 0 0 0 3763
RBBP8 0.000000 0 0 3 3758
UBB 0.000000 0 0 0 971
IPO11 0.000000 0 0 0 4633
ARL5A 0.000000 0 0 0 3446
TELO2 0.000000 0 0 5 3328
C8orf41 0.000000 0 0 0 3300
NUAK2 0.000000 0 0 2 3401
RAD23B 0.000000 0 0 0 4442
PTPRF 0.000000 0 0 3 7733
CTNNBIP1 0.000000 0 0 2 2995
FGFR1 0.000000 0 0 1 6584
PHAX 0.000000 0 0 1 3641
MAPKAPK2 0.000000 0 0 2 5228
HSPA5 0.000000 0 0 1 3970
LEO1 0.000000 0 0 0 2148
TOMM20 0.000000 0 0 0 3385
PPP1R8 0.000000 0 0 0 3363
FHL3 0.000000 0 0 0 1657
NTRK3 0.000000 0 0 0 5238
ITGB1 0.000000 0 0 1 4087
PDIA3 0.000000 0 0 0 3054
UBXN4 0.000000 0 0 1 4014
CALR 0.000000 0 0 0 1911
SSR1 0.000000 0 0 0 9858
XPOT 0.000000 0 0 4 3947
KIF5C 2.514503 0 1 1 6958
KIF5B 0.000000 0 0 2 5889
PAFAH1B1 0.000000 0 0 0 5614
MARCH7 0.000000 0 0 1 3468
PIH1D1 0.000000 0 0 0 1246
HELB 0.000000 0 0 8 3611
C17orf85 0.000000 0 0 0 8184
ADAR 0.000000 0 0 1 7374
LAS1L 0.000000 0 0 0 2489
COPB1 0.000000 0 0 0 3807
TPX2 0.000000 0 0 0 3662
ZFPM2 0.000000 0 0 0 4480
UBE2Z 0.000000 0 0 0 3126
RPA2 0.000000 0 0 1 1720
TIMELESS 0.000000 0 0 12 5138
ASF1B 0.000000 0 0 0 1731
BPTF 0.000000 0 0 0 11780
VCPIP1 0.000000 0 0 0 8176
DERL2 0.000000 0 0 0 1124
USP13 0.000000 0 0 3 7933
C19orf57 0.000000 0 0 4 2420
CCNH 0.000000 0 0 9 1865
SNAPC3 0.000000 0 0 3 3095
SNAPC1 0.000000 0 0 7 2656
NFATC3 0.000000 0 0 1 6525
BCLAF1 0.000000 0 0 10 8316
BCL2L1 0.000000 0 0 0 3064
LEMD3 0.000000 0 0 1 4833
BANF1 0.000000 0 0 0 1587
C1orf174 0.000000 0 0 2 1666
C1orf124 0.000000 0 0 0 5740
PRMT5 0.000000 0 0 1 2671
RFC4 0.000000 0 0 7 1662
CNOT7 0.000000 0 0 0 3671
UNC119 0.000000 0 0 2 2527
ANKRD27 0.000000 0 0 4 4453
PELI2 0.000000 0 0 0 5696
DCP1A 0.000000 0 0 0 6012
XRCC4 0.000000 0 0 1 2452
HN1L 0.000000 0 0 1 3683
BAX 0.000000 0 0 0 1589
NARG1 0.000000 0 0 0 3300
POR 0.000000 0 0 2 2499
SIRT6 0.000000 0 0 1 1636
PAFAH1B3 0.000000 0 0 1 1613
C9orf46 0.000000 0 0 0 3300
POLD1 0.000000 0 0 2 3670
NEK1 2.604211 0 1 7 6287
EIF3B 0.000000 0 0 0 3545
EIF3A 0.000000 0 0 0 5305
XRN2 0.000000 0 0 1 3435
MED23 0.000000 0 0 5 5713
KIAA0892 0.000000 0 0 0 3300
RABGAP1 0.000000 0 0 2 4999
USF1 0.000000 0 0 0 1882
DNM2 0.000000 0 0 1 4735
CUL4B 0.000000 0 0 0 6229
DDB2 0.000000 0 0 1 1848
KLHDC5 0.000000 0 0 0 6469
ROBO1 0.000000 0 0 4 8072
GMCL1 0.000000 0 0 1 2346
ERCC8 0.000000 0 0 6 2044
DDX21 0.000000 0 0 1 5021
PALB2 0.000000 0 0 2 4058
POLR3F 0.000000 0 0 3 2153
ZCCHC7 0.000000 0 0 3 2685
PAPSS1 0.000000 0 0 5 2542
OBSL1 2.443401 0 1 9 7548
LUC7L2 0.000000 0 0 0 3216
PSMG2 0.000000 0 0 0 1159
TRIB3 0.000000 0 0 7 2452
TSC2 2.677277 0 1 2 5794
AKT2 0.000000 0 0 1 5393
TSC1 0.000000 0 0 0 8735
SAP130 0.000000 0 0 1 4173
ARID4B 0.000000 0 0 0 6395
SUDS3 0.000000 0 0 0 4728
SAP30L 0.000000 0 0 0 6353
ARID4A 0.000000 0 0 2 5817
ING2 0.000000 0 0 0 1116
MIER1 0.000000 0 0 2 8214
DEK 0.000000 0 0 1 2871
KDM5B 0.000000 0 0 8 6383
NFYA 0.000000 0 0 2 6219
NFYC 0.000000 0 0 1 3770
CCT8 0.000000 0 0 0 1894
HIST1H4A 0.000000 0 0 4 372
SMC2 0.000000 0 0 2 6493
HIST1H4F 0.000000 0 0 0 368
STRN4 0.000000 0 0 1 3305
NPLOC4 0.000000 0 0 0 4381
FADD 0.000000 0 0 0 1853
NUTF2 0.000000 0 0 0 886
FLII 0.000000 0 0 3 4601
ANAPC7 0.000000 0 0 0 3795
MLL2 0.000000 0 0 0 19419
FDFT1 0.000000 0 0 4 2106
NONO 0.000000 0 0 2 3218
NINL 0.000000 0 0 12 4972
CCNT2 0.000000 0 0 2 13025
MEN1 0.000000 0 0 0 4642
NOLC1 3.031545 0 1 1 3936
CSTF1 0.000000 0 0 2 2656
ANP32A 0.000000 0 0 0 2466
KIAA1267 0.000000 0 0 0 3300
STMN2 0.000000 0 0 0 2305
NOP58 0.000000 0 0 3 1965
GNB1 0.000000 0 0 0 3163
POLR2H 0.000000 0 0 0 821
ZEB1 0.000000 0 0 1 6449
SETD1A 0.000000 0 0 1 6447
CIB1 0.000000 0 0 0 977
EVL 0.000000 0 0 1 1842
NAP1L4 0.000000 0 0 1 2518
PSMC5 0.000000 0 0 0 1600
USP15 3.303149 1 0 1 9895
RAB1A 0.000000 0 0 0 2643
ITGB3 2.830400 0 1 3 4894
ZMYND8 2.848919 0 1 1 4796
GNL2 0.000000 0 0 4 2402
H1F0 0.000000 0 0 2 2330
FER 0.000000 0 0 0 2950
ARHGAP17 0.000000 0 0 0 3478
ZC3HC1 0.000000 0 0 3 1914
STRN3 0.000000 0 0 0 4222
PPP5C 0.000000 0 0 0 2232
RAB7A 0.000000 0 0 0 2232
PPP2R5D 3.204735 0 1 1 3272
STK25 0.000000 0 0 0 2141
PPP2R2B 0.000000 0 0 0 3718
PRR14 0.000000 0 0 2 2118
ARIH2 0.000000 0 0 0 4062
RAB11A 0.000000 0 0 0 9206
ANKLE2 0.000000 0 0 2 4458
EIF4A1 3.726920 0 1 0 1895
EEF2 0.000000 0 0 1 3158
CTTNBP2NL 0.000000 0 0 1 5900
PPME1 0.000000 0 0 0 2453
FAM40A 0.000000 0 0 0 3262
WBP11 0.000000 0 0 1 2674
TOX4 0.000000 0 0 0 4524
PHACTR4 0.000000 0 0 4 6492
SOS2 0.000000 0 0 1 5313
C2orf37 0.000000 0 0 0 3300
TRPC4AP 0.000000 0 0 3 3313
DET1 0.000000 0 0 2 3297
VPRBP 0.000000 0 0 0 5913
C4orf30 0.000000 0 0 0 3300
FAM105B 0.000000 0 0 0 7896
YLPM1 0.000000 0 0 3 8137
ZNF205 0.000000 0 0 0 2131
TGIF2 0.000000 0 0 2 3722
PAPPA2 0.000000 0 0 3 7989
CENPK 0.000000 0 0 3 1731
STK4 0.000000 0 0 2 6330
FOXG1B 0.000000 0 0 0 3300
CCNG2 0.000000 0 0 2 5474
C14orf4 0.000000 0 0 0 3300
RASSF1 0.000000 0 0 0 2451
KHSRP 0.000000 0 0 1 3250
DCX 0.000000 0 0 0 9959
EMD 0.000000 0 0 0 1339
BAT1 0.000000 0 0 0 3300
UHRF2 0.000000 0 0 0 3720
XPO7 0.000000 0 0 0 4863
RIF1 0.000000 0 0 2 10347
IMPDH2 0.000000 0 0 3 1691
TAF4 0.000000 0 0 0 4628
TAF5 0.000000 0 0 2 3268
GTF2A1 0.000000 0 0 0 1820
TAF2 0.000000 0 0 3 5020
ARL5B 0.000000 0 0 0 3589
EIF2AK4 0.000000 0 0 6 5512
FBLN1 0.000000 0 0 1 4857
TGFBRAP1 0.000000 0 0 1 3669
HDLBP 2.564308 0 1 2 6576
HMG20A 0.000000 0 0 1 3885
RAB2B 0.000000 0 0 1 3113
ACVR1B 0.000000 0 0 0 4807
ZNF8 0.000000 0 0 0 2210
AP2B1 0.000000 0 0 0 5763
ZBED5 0.000000 0 0 0 5124
PLK4 0.000000 0 0 2 3995
KIAA1377 0.000000 0 0 8 7043
AP2A2 0.000000 0 0 0 4804
DLG4 2.835837 0 1 0 4865
GPRASP2 0.000000 0 0 4 7260
ACVR2B 0.000000 0 0 0 11373
MLLT4 0.000000 0 0 1 10409
SH3BP5 0.000000 0 0 0 3162
IPO5 0.000000 0 0 1 6002
NFX1 0.000000 0 0 5 6219
DDX19B 0.000000 0 0 0 2426
RAE1 0.000000 0 0 0 2170
NXF1 0.000000 0 0 3 4294
HNRNPAB 0.000000 0 0 1 1816
PHF20 0.000000 0 0 1 5889
PI4KB 0.000000 0 0 1 4741
RGL2 0.000000 0 0 1 16710
CCNK 0.000000 0 0 1 2606
RFC2 0.000000 0 0 2 1694
KLHL26 0.000000 0 0 2 3122
HELLS 0.000000 0 0 0 3099
EIF4E 0.000000 0 0 0 5040
HMGCR 0.000000 0 0 2 4582
EML4 0.000000 0 0 2 5549
IREB2 0.000000 0 0 1 6367
FBXL5 0.000000 0 0 0 3989
PRIM2 0.000000 0 0 0 2282
CCT4 0.000000 0 0 0 2349
MED17 0.000000 0 0 6 3497
XPA 0.000000 0 0 0 1700
SIRT7 0.000000 0 0 3 1731
STAT3 0.000000 0 0 1 5484
FAM175B 0.000000 0 0 0 2992
WDR44 0.000000 0 0 0 4250
MCRS1 0.000000 0 0 2 1969
SENP1 0.000000 0 0 0 4726
POLR2E 0.000000 0 0 3 2866
ARFGEF1 0.000000 0 0 0 7225
HCFC2 0.000000 0 0 1 5735
FMR1 0.000000 0 0 0 4519
CDKL2 0.000000 0 0 4 4715
EIF2C1 5.474038 0 2 0 7478
FXR2 0.000000 0 0 1 2987
DUSP4 0.000000 0 0 2 7341
ZCCHC10 0.000000 0 0 0 2121
WDR25 0.000000 0 0 3 2199
DYRK2 0.000000 0 0 0 6159
HIST1H3H 0.000000 0 0 0 473
KLHL20 0.000000 0 0 5 3464
CHFR 0.000000 0 0 1 3671
CDC23 0.000000 0 0 0 3155
SHQ1 0.000000 0 0 3 2848
XPO4 0.000000 0 0 0 9885
MORF4L2 0.000000 0 0 0 2428
MRFAP1 0.000000 0 0 1 1534
UBE2E1 0.000000 0 0 0 1931
NEDD9 0.000000 0 0 0 5584
CDK9 0.000000 0 0 0 2472
VRK1 0.000000 0 0 2 1703
BEND5 0.000000 0 0 0 1328
SOS1 0.000000 0 0 2 8318
BACE1 0.000000 0 0 3 6168
MPHOSPH8 4.045914 1 0 3 4268
GABRA3 0.000000 0 0 1 2785
MED24 0.000000 0 0 6 3904
RXRB 0.000000 0 0 0 17252
SLC16A2 0.000000 0 0 0 4141
TRIP6 0.000000 0 0 2 1752
ITSN1 0.000000 0 0 1 7951
JUN 0.000000 0 0 1 3323
SF3A1 0.000000 0 0 0 5391
C14orf106 0.000000 0 0 0 3300
ESPL1 0.000000 0 0 0 6623
GTF2F2 0.000000 0 0 1 1453
SORBS1 0.000000 0 0 0 8027
KPNA4 0.000000 0 0 0 8981
DOCK7 0.000000 0 0 0 7052
PCDHA4 0.000000 0 0 6 7850
BACH1 0.000000 0 0 1 6731
ID2 0.000000 0 0 0 1364
SR140 0.000000 0 0 0 3300
RERE 0.000000 0 0 0 8321
CBFB 0.000000 0 0 0 3229
OIP5 0.000000 0 0 3 1236
NR6A1 0.000000 0 0 0 2358
CSNK2B 0.000000 0 0 1 7897
DIABLO 0.000000 0 0 0 2348
UBE2K 0.000000 0 0 0 5243
RPL11 0.000000 0 0 0 782
CENPC1 0.000000 0 0 0 3349
DPYSL2 0.000000 0 0 0 5237
MLL3 2.891693 1 0 0 16862
NAT10 0.000000 0 0 8 4041
SMARCA2 0.000000 0 0 2 5756
ACTG1 0.000000 0 0 1 2952
PMF1 0.000000 0 0 2 1369
DSN1 0.000000 0 0 4 2878
UBXN2B 0.000000 0 0 1 5068
CCDC90B 3.904456 0 1 5 1578
ENAH 0.000000 0 0 2 13172
ZMIZ2 0.000000 0 0 1 5143
EEF1D 0.000000 0 0 0 3365
CPSF7 0.000000 0 0 0 3913
ZNF259 0.000000 0 0 2 1778
TAF12 0.000000 0 0 0 1551
MAP3K2 0.000000 0 0 0 10870
MAP1B 0.000000 0 0 1 11979
CUEDC1 0.000000 0 0 0 2193
RAD9A 0.000000 0 0 0 2428
C7orf20 0.000000 0 0 0 3300
TRIO 11.440164 0 4 1 10227
GPBP1 0.000000 0 0 0 4767
DTX1 0.000000 0 0 1 3288
SS18 0.000000 0 0 0 3436
JMY 0.000000 0 0 0 9129
ZNF148 0.000000 0 0 0 9543
POU3F2 0.000000 0 0 0 4087
MN1 0.000000 0 0 0 7556
POLD2 0.000000 0 0 1 2950
U2AF1 0.000000 0 0 0 1020
HJURP 0.000000 0 0 4 3050
RPTOR 0.000000 0 0 3 6856
SET 0.000000 0 0 0 3452
BAZ2B 0.000000 0 0 3 8145
ELAC2 0.000000 0 0 1 3887
ITCH 0.000000 0 0 1 6524
SF3A3 0.000000 0 0 0 2836
ARPC1B 0.000000 0 0 3 1531
PES1 0.000000 0 0 0 2940
CCDC88A 0.000000 0 0 0 10193
PLCB3 0.000000 0 0 1 5815
C17orf49 0.000000 0 0 0 1167
UBXN1 0.000000 0 0 0 1289
SKP1 0.000000 0 0 0 4218
ERBB2IP 0.000000 0 0 0 7348
ANAPC13 0.000000 0 0 2 2201
ZFP64 0.000000 0 0 3 5218
MED4 0.000000 0 0 1 2022
NAE1 0.000000 0 0 1 1911
PLCG1 0.000000 0 0 2 5390
JUP 2.907464 0 1 1 4500
KLHDC10 0.000000 0 0 0 6438
PHF8 0.000000 0 0 0 8740
APEX2 0.000000 0 0 0 1977
SNX26 0.000000 0 0 0 3300
BMP2K 0.000000 0 0 3 4513
RAPGEF1 2.601243 0 1 1 6308
PAG1 0.000000 0 0 2 10743
ABL2 0.000000 0 0 3 22455
REPS1 0.000000 0 0 0 3621
CABLES2 0.000000 0 0 3 3785
MAP4K5 0.000000 0 0 0 4646
PTPN18 0.000000 0 0 4 3669
SH3BP2 0.000000 0 0 4 9790
PRKD1 0.000000 0 0 6 3677
WASF2 0.000000 0 0 0 5671
ABI2 2.577340 0 1 0 6480
RPS6KA1 0.000000 0 0 0 3383
RANBP1 0.000000 0 0 0 884
EIF5A 0.000000 0 0 0 1818
ANP32B 0.000000 0 0 0 1616
EIF2C2 0.000000 0 0 0 3500
MAPK6 0.000000 0 0 3 4225
NUP50 0.000000 0 0 2 5501
DDX3X 3.808382 1 0 1 5533
NMD3 0.000000 0 0 2 2728
CDCA8 0.000000 0 0 0 2773
PXN 0.000000 0 0 0 4387
BCR 0.000000 0 0 0 6927
TAF1L 0.000000 0 0 1 6216
NUP133 2.977873 0 1 2 4170
SSH2 0.000000 0 0 2 9166
BRD4 3.543973 1 0 0 7453
SH2B2 0.000000 0 0 2 1894
RAB3D 0.000000 0 0 0 4273
PLXNA1 0.000000 0 0 1 9066
JARID2 0.000000 0 0 1 5756
LIMS1 0.000000 0 0 2 5513
ZNF764 0.000000 0 0 0 5140
RAI2 0.000000 0 0 0 4772
EIF2S2 0.000000 0 0 0 2592
ZEB2 0.000000 0 0 0 11656
CISH 3.553740 0 1 2 2268
ICK 0.000000 0 0 1 6238
SCMH1 0.000000 0 0 2 3801
PHF10 0.000000 0 0 3 1751
ELP2 0.000000 0 0 7 3127
PUM1 0.000000 0 0 1 5514
TTF1 0.000000 0 0 4 3152
CSTF2 0.000000 0 0 0 2016
TRIM68 0.000000 0 0 4 3352
RCHY1 0.000000 0 0 0 4717
GEMIN7 0.000000 0 0 4 1667
PTPRS 0.000000 0 0 2 7347
MEPCE 0.000000 0 0 1 5132
SON 0.000000 0 0 0 9203
POLDIP3 0.000000 0 0 0 3435
RICTOR 0.000000 0 0 1 9533
PPP1R9A 0.000000 0 0 1 10989
PPP2R2A 0.000000 0 0 0 4007
PDK1 0.000000 0 0 0 4576
PDPK1 0.000000 0 0 1 7236
DHX57 0.000000 0 0 9 4825
ABT1 0.000000 0 0 2 2263
PRC1 0.000000 0 0 2 3213
SMAP1 0.000000 0 0 2 3331
PLEKHO1 0.000000 0 0 1 1615
SART3 0.000000 0 0 1 4370
NOC2L 0.000000 0 0 10 2800
PTPN11 0.000000 0 0 0 6283
ASAP1 0.000000 0 0 1 6346
CTTN 0.000000 0 0 2 3957
ACVR2A 0.000000 0 0 0 5244
AKAP8 0.000000 0 0 0 3543
FUBP1 0.000000 0 0 0 2884
CSTF2T 4.080883 1 0 0 4110
FAM32A 0.000000 0 0 0 1449
TAF11 0.000000 0 0 1 1533
MLLT3 0.000000 0 0 0 3439
HIST2H2BE 0.000000 0 0 0 2223
GYS1 0.000000 0 0 2 3618
FAM123B 0.000000 0 0 0 8443
SNRPD3 0.000000 0 0 0 1385
SMN1 0.000000 0 0 1 3248
DYNLT1 0.000000 0 0 0 758
DNM1L 0.000000 0 0 0 4612
CPNE2 0.000000 0 0 1 2238
TMSB4X 0.000000 0 0 1 629
SNORA32 0.000000 0 0 0 121
BTAF1 0.000000 0 0 0 7038
ADPGK 0.000000 0 0 0 4628
SRPK2 0.000000 0 0 0 3875
MED20 0.000000 0 0 1 2478
FBXO11 0.000000 0 0 1 4149
TNKS2 2.606055 0 1 2 6274
ACACA 0.000000 0 0 2 11380
DIXDC1 0.000000 0 0 4 6382
RNF10 0.000000 0 0 2 3847
EIF5 0.000000 0 0 2 6077
SPEN 0.000000 0 0 0 12227
TRAF2 0.000000 0 0 0 2277
TNIP1 0.000000 0 0 1 3939
PTPRZ1 0.000000 0 0 0 9135
HMG20B 0.000000 0 0 0 1584
GLI3 0.000000 0 0 0 8214
HEY2 0.000000 0 0 0 2672
CDYL 0.000000 0 0 0 4124
UBE2G2 0.000000 0 0 0 3498
HGS 0.000000 0 0 2 2972
RIC8A 3.387269 0 1 2 2699
UBQLN2 0.000000 0 0 0 3418
ZBTB22 0.000000 0 0 1 13645
SCAF1 0.000000 0 0 0 4313
HSPA13 0.000000 0 0 1 3986
DAP3 0.000000 0 0 4 2379
ZNF510 0.000000 0 0 12 5154
MED14 0.000000 0 0 1 6768
KDM5A 0.000000 0 0 0 10835
BRIP1 0.000000 0 0 6 8166
C16orf53 0.000000 0 0 0 3825
FLG 3.099639 1 0 60 12747
TAF9 0.000000 0 0 2 2315
ZMYM5 0.000000 0 0 7 3637
EFNB1 0.000000 0 0 0 3330
ITGA5 4.049827 1 0 1 4250
IQGAP1 0.000000 0 0 1 7210
GORAB 0.000000 0 0 0 4029
RPL8 0.000000 0 0 0 975
MARK2 0.000000 0 0 3 5358
NSUN2 0.000000 0 0 1 3372
CFDP1 0.000000 0 0 0 1279
CEBPG 0.000000 0 0 0 3860
ANTXR1 2.493943 0 1 2 7123
APPL1 0.000000 0 0 4 6060
HAT1 0.000000 0 0 1 1670
CSNK1E 0.000000 0 0 0 2891
CPNE1 0.000000 0 0 9 3251
DIAPH1 0.000000 0 0 2 5790
PELO 0.000000 0 0 4 2921
HIVEP2 3.317599 1 0 2 9724
EME1 0.000000 0 0 2 2472
CORO2A 0.000000 0 0 2 5759
STAU1 0.000000 0 0 0 4038
YOD1 0.000000 0 0 0 6265
UBL4A 0.000000 0 0 1 2305
TBPL1 0.000000 0 0 0 1889
TMF1 0.000000 0 0 3 6879
BRWD1 2.691328 1 0 2 22890
KLF11 0.000000 0 0 4 4296
SNRPF 0.000000 0 0 0 793
C7orf64 0.000000 0 0 0 3300
CRMP1 0.000000 0 0 0 3507
AD000671.1 0.000000 0 0 0 3300
TINP1 0.000000 0 0 0 3300
PPM1B 0.000000 0 0 1 6613
RCAN1 0.000000 0 0 1 2899
THRAP3 0.000000 0 0 0 4431
PACS1 0.000000 0 0 0 4493
MED30 0.000000 0 0 0 972
MED10 0.000000 0 0 2 1028
MED19 0.000000 0 0 1 1514
MED7 0.000000 0 0 0 1475
CHTF18 0.000000 0 0 8 3090
FBXO25 0.000000 0 0 0 2441
BCCIP 0.000000 0 0 5 3449
HIST1H1B 0.000000 0 0 0 790
CSRP2BP 0.000000 0 0 5 3967
SETD1B 0.000000 0 0 0 8195
RNF2 0.000000 0 0 1 3551
TEX10 0.000000 0 0 0 3614
AOF1 0.000000 0 0 0 3300
MYST1 0.000000 0 0 0 3300
PAXIP1 0.000000 0 0 0 3712
KPNA5 0.000000 0 0 2 2158
SFRS4 0.000000 0 0 0 3300
NEDD4 0.000000 0 0 5 7606
DGCR8 0.000000 0 0 0 4520
SSB 0.000000 0 0 1 1706
PQBP1 0.000000 0 0 0 2293
RBMX2 0.000000 0 0 1 1528
MAPKSP1 0.000000 0 0 0 3300
ZNF263 0.000000 0 0 4 3285
TUBB3 0.000000 0 0 1 2006
RLF 0.000000 0 0 0 6250
GTF2E1 0.000000 0 0 1 3033
GTF2F1 0.000000 0 0 4 2551
ATAD5 0.000000 0 0 2 6242
HUS1 0.000000 0 0 3 4717
USP1 0.000000 0 0 1 4362
RPA3 0.000000 0 0 2 1594
RAD18 0.000000 0 0 3 5739
PIF1 0.000000 0 0 10 2656
POLD3 0.000000 0 0 0 4257
POLI 0.000000 0 0 7 6058
DSCC1 0.000000 0 0 0 2269
MUTYH 0.000000 0 0 7 2612
FANCL 0.000000 0 0 5 1801
SMG1 0.000000 0 0 1 16065
POLA2 0.000000 0 0 7 2477
WDR48 0.000000 0 0 0 3691
L1CAM 0.000000 0 0 0 5029
RPL5 0.000000 0 0 0 1031
CNN2 0.000000 0 0 3 2458
ACLY 0.000000 0 0 2 4353
AXIN2 0.000000 0 0 2 4232
LRP6 0.000000 0 0 2 10083
BICD1 0.000000 0 0 2 3797
UTP14A 0.000000 0 0 0 2560
ZNF41 0.000000 0 0 4 4736
HNRNPM 0.000000 0 0 0 2612
KRR1 0.000000 0 0 6 3357
SNAPC4 0.000000 0 0 6 4650
ADD2 0.000000 0 0 2 6033
GDF9 0.000000 0 0 5 2020
EAPP 0.000000 0 0 2 1348
GTPBP4 0.000000 0 0 0 2517
UTP3 0.000000 0 0 2 2073
MED12 0.000000 0 0 0 6969
EIF4A3 0.000000 0 0 1 1734
WDR77 0.000000 0 0 0 2408
FBXL3 0.000000 0 0 1 3549
PIGC 0.000000 0 0 4 2874
DACT1 0.000000 0 0 1 7357
NCAM1 0.000000 0 0 2 8526
FBXO18 3.064830 0 1 3 3798
NCBP2 0.000000 0 0 1 2332
NUP54 0.000000 0 0 2 2354
RNASEH2A 0.000000 0 0 3 1142
ANTXR2 0.000000 0 0 1 8236
RAVER1 0.000000 0 0 0 3592
RPLP2 0.000000 0 0 0 493
SRP14 0.000000 0 0 0 1126
ZZZ3 0.000000 0 0 0 4323
PWP1 0.000000 0 0 4 1853
BAHD1 0.000000 0 0 1 4526
RPL15 0.000000 0 0 0 5269
DR1 0.000000 0 0 0 3208
TAF3 0.000000 0 0 1 2790
NFYB 0.000000 0 0 0 3482
HNRNPR 0.000000 0 0 0 2947
GINS4 0.000000 0 0 0 3841
IRF2 0.000000 0 0 0 2286
SCAMP1 0.000000 0 0 2 6244
GNG2 0.000000 0 0 0 3923
TUB 0.000000 0 0 3 6602
STAM 0.000000 0 0 0 3880
KIT 0.000000 0 0 2 5358
FASN 0.000000 0 0 0 8458
SNF8 0.000000 0 0 1 1213
EEF1B2 0.000000 0 0 1 1449
MAGED2 0.000000 0 0 0 2289
TPT1 0.000000 0 0 0 829
RBBP6 0.000000 0 0 0 7293
UPF3B 0.000000 0 0 2 2404
ARFGAP3 0.000000 0 0 5 2833
UBE4A 0.000000 0 0 0 6288
RBM39 0.000000 0 0 0 3052
TDRD3 0.000000 0 0 0 3463
CDC40 0.000000 0 0 0 3852
ACBD3 0.000000 0 0 1 3565
FANCF 0.000000 0 0 3 3309
GSTP1 0.000000 0 0 2 958
LASP1 0.000000 0 0 0 4109
WBP5 0.000000 0 0 1 1941
PLEKHA7 0.000000 0 0 2 4808
OXSR1 0.000000 0 0 0 4523
STK35 0.000000 0 0 0 6411
PHF12 0.000000 0 0 2 5609
ACOX3 0.000000 0 0 6 2874
PPM1G 0.000000 0 0 1 2253
RAB14 0.000000 0 0 0 4363
TXNIP 0.000000 0 0 1 2927
RAP1B 0.000000 0 0 0 2356
PPIG 0.000000 0 0 1 2706
HERC3 0.000000 0 0 0 4894
EIF2AK2 0.000000 0 0 0 4512
SNX6 0.000000 0 0 0 3178
